+---------------------------------------------------------------------------------------------------------------------------------------------------------------------------------------------------+
|                                                                          long (config no. 19451, score -56012.5006138671)                                                                         |
+--------------+---------------------------+---------------+------------------+-----------------+-------------------+------------------------------+-----------------+--------+---------------------+
| symbol       | adg_weighted_per_exposure | hrs_stuck_max | pa_distance_mean | pa_distance_std | loss_profit_ratio | eqbal_ratio_mean_of_10_worst | eqbal_ratio_std | n_days | score               |
+--------------+---------------------------+---------------+------------------+-----------------+-------------------+------------------------------+-----------------+--------+---------------------+
| -> ADAUSDT   | 0.0003351                 | 94.57         | 0.01011          | 0.009389        | 0.1239            | 0.9218                       | 0.004155        | 726.96 | -56012.50033513496  |
| -> HBARUSDT  | 0.0004384                 | 93.39         | 0.009832         | 0.008583        | 0.004135          | 0.8991                       | 0.00277         | 726.96 | -56012.5004384231   |
| -> GRTUSDT   | 0.0004793                 | 88.57         | 0.01163          | 0.0211          | 0.08191           | 0.7592                       | 0.009347        | 726.96 | -56012.50047926334  |
| -> MANAUSDT  | 0.0004823                 | 94.25         | 0.01014          | 0.009453        | 0.05754           | 0.9193                       | 0.003547        | 726.96 | -56012.500482299496 |
| -> DOGEUSDT  | 0.0004951                 | 90.77         | 0.008874         | 0.007274        | 0.002251          | 0.9428                       | 0.001718        | 726.96 | -56012.50049513696  |
| -> CHZUSDT   | 0.0005282                 | 72.62         | 0.009221         | 0.009572        | 0.0               | 0.9244                       | 0.002775        | 726.96 | -56012.50052821731  |
| -> MATICUSDT | 0.0005801                 | 94.63         | 0.009802         | 0.007545        | 0.0               | 0.9553                       | 0.001398        | 726.96 | -56012.50058005637  |
| -> SUSHIUSDT | 0.0005904                 | 81.62         | 0.01091          | 0.01412         | 0.004934          | 0.9049                       | 0.004403        | 726.96 | -56012.50059037097  |
| -> AVAXUSDT  | 0.0008607                 | 80.33         | 0.01305          | 0.0192          | 0.2178            | 0.7526                       | 0.008992        | 726.96 | -56012.50086068387  |
| -> SOLUSDT   | 0.001349                  | 81.25         | 0.01252          | 0.01346         | 0.07276           | 0.8659                       | 0.007041        | 726.96 | -56012.501349084734 |
| mean         | 0.0006139                 | 87.2          | 0.01061          | 0.01197         | 0.05652           | 0.8845                       | 0.004615        | 726.96 | -56012.50061386711  |
+--------------+---------------------------+---------------+------------------+-----------------+-------------------+------------------------------+-----------------+--------+---------------------+

+----------------------------------------------------------------------------------------------------------------------------------------------------------------------------------------+
|                                                                          short (config no. 2, score -18040.0)                                                                          |
+--------------+---------------------------+---------------+------------------+-----------------+-------------------+------------------------------+-----------------+--------+----------+
| symbol       | adg_weighted_per_exposure | hrs_stuck_max | pa_distance_mean | pa_distance_std | loss_profit_ratio | eqbal_ratio_mean_of_10_worst | eqbal_ratio_std | n_days | score    |
+--------------+---------------------------+---------------+------------------+-----------------+-------------------+------------------------------+-----------------+--------+----------+
| -> SUSHIUSDT | 0.0                       | nan           | 100.0            | 1.0             | 1.0               | 1.0                          | 0.0             | 726.96 | -18040.0 |
| -> DOGEUSDT  | 0.0                       | nan           | 100.0            | 1.0             | 1.0               | 1.0                          | 0.0             | 726.96 | -18040.0 |
| -> ADAUSDT   | 0.0                       | nan           | 100.0            | 1.0             | 1.0               | 1.0                          | 0.0             | 726.96 | -18040.0 |
| -> AVAXUSDT  | 0.0                       | nan           | 100.0            | 1.0             | 1.0               | 1.0                          | 0.0             | 726.96 | -18040.0 |
| -> HBARUSDT  | 0.0                       | nan           | 100.0            | 1.0             | 1.0               | 1.0                          | 0.0             | 726.96 | -18040.0 |
| -> CHZUSDT   | 0.0                       | nan           | 100.0            | 1.0             | 1.0               | 1.0                          | 0.0             | 726.96 | -18040.0 |
| -> MANAUSDT  | 0.0                       | nan           | 100.0            | 1.0             | 1.0               | 1.0                          | 0.0             | 726.96 | -18040.0 |
| -> MATICUSDT | 0.0                       | nan           | 100.0            | 1.0             | 1.0               | 1.0                          | 0.0             | 726.96 | -18040.0 |
| -> GRTUSDT   | 0.0                       | nan           | 100.0            | 1.0             | 1.0               | 1.0                          | 0.0             | 726.96 | -18040.0 |
| -> SOLUSDT   | 0.0                       | nan           | 100.0            | 1.0             | 1.0               | 1.0                          | 0.0             | 726.96 | -18040.0 |
| mean         | 0.0                       | nan           | 100.0            | 1.0             | 1.0               | 1.0                          | 0.0             | 726.96 | -18040.0 |
+--------------+---------------------------+---------------+------------------+-----------------+-------------------+------------------------------+-----------------+--------+----------+

