+--------------------------------------------------------------------------------------------------------------------------------------------------------------------------------------------+
|                                                                                            long                                                                                            |
+---------------+---------------+-------------+--------------+---------------+--------------+-------------+----------------+------------------------+--------------+--------+----------------+
| symbol        | adg_w_per_exp | adg_per_exp | exp_rts_mean | hrs_stuck_max | pa_dist_mean | pa_dist_std | loss_profit_rt | eqbal_rt_10_worst_mean | eqbal_rt_std | n_days | score          |
+---------------+---------------+-------------+--------------+---------------+--------------+-------------+----------------+------------------------+--------------+--------+----------------+
| MAVUSDT       | 0.01152       | 0.009425    | 0.01723      | 2.15          | 0.005902     | 0.003595    | 0.0            | 0.9998                 | 0.0001262    | 1.46   | -240179.261517 |
| COMBOUSDT     | 0.002929      | 0.00165     | 0.06483      | 40.9          | 0.01386      | 0.01877     | 0.0            | 0.9383                 | 0.008999     | 28.46  | -240179.252929 |
| EDUUSDT       | 0.002571      | 0.001673    | 0.04447      | 45.52         | 0.01135      | 0.009795    | 0.0            | 0.9863                 | 0.001654     | 61.46  | -240179.252571 |
| RNDRUSDT      | 0.001718      | 0.002469    | 0.05877      | 52.28         | 0.01219      | 0.0136      | 0.0            | 0.9451                 | 0.00497      | 147.88 | -240179.251718 |
| BLURUSDT      | 0.00167       | 0.0009524   | 0.03804      | 28.97         | 0.00983      | 0.007648    | 0.0            | 0.9896                 | 0.001221     | 63.46  | -240179.25167  |
| STXUSDT       | 0.001647      | 0.002069    | 0.07236      | 52.93         | 0.01344      | 0.01267     | 0.0            | 0.9608                 | 0.003687     | 129.38 | -240179.251647 |
| HIGHUSDT      | 0.001642      | 0.001326    | 0.03396      | 47.65         | 0.01371      | 0.01215     | 0.0            | 0.9474                 | 0.003604     | 143.88 | -240179.251642 |
| 1000LUNCUSDT  | 0.001589      | 0.002123    | 0.03529      | 75.25         | 0.007797     | 0.008429    | 0.0            | 0.9437                 | 0.002737     | 294.42 | -240179.251589 |
| 1000PEPEUSDT  | 0.001587      | 0.003094    | 0.06428      | 57.63         | 0.01236      | 0.01221     | 0.0            | 0.9671                 | 0.00439      | 56.29  | -240179.251587 |
| RDNTUSDT      | 0.001573      | 0.00148     | 0.05843      | 42.85         | 0.01117      | 0.01112     | 0.0            | 0.9572                 | 0.004289     | 86.46  | -240179.251573 |
| FETUSDT       | 0.001434      | 0.001601    | 0.03625      | 36.22         | 0.01008      | 0.007927    | 0.0            | 0.9681                 | 0.001909     | 164.88 | -240179.251434 |
| ALPHAUSDT     | 0.001408      | 0.001665    | 0.06273      | 52.4          | 0.01158      | 0.01505     | 0.0            | 0.8412                 | 0.006144     | 790.96 | -240179.251408 |
| NKNUSDT       | 0.001402      | 0.002225    | 0.0749       | 95.77         | 0.01366      | 0.01367     | 0.0            | 0.913                  | 0.005188     | 790.96 | -240179.251402 |
| KEYUSDT       | 0.001385      | 0.001555    | 0.06081      | 41.25         | 0.0149       | 0.01728     | 0.0            | 0.954                  | 0.005563     | 37.46  | -240179.251385 |
| AMBUSDT       | 0.001338      | 0.001119    | 0.06267      | 69.83         | 0.01744      | 0.01764     | 0.0            | 0.9178                 | 0.006192     | 92.46  | -240179.251338 |
| GRTUSDT       | 0.001323      | 0.001924    | 0.06624      | 94.15         | 0.01232      | 0.01924     | 0.0            | 0.852                  | 0.007471     | 790.96 | -240179.251323 |
| MKRUSDT       | 0.001272      | 0.002034    | 0.07051      | 91.57         | 0.0129       | 0.01697     | 0.0            | 0.8874                 | 0.006635     | 790.96 | -240179.251272 |
| RADUSDT       | 0.001242      | 0.001441    | 0.07307      | 53.2          | 0.01392      | 0.01576     | 0.0            | 0.9425                 | 0.006654     | 51.46  | -240179.251242 |
| UMAUSDT       | 0.001201      | 0.001099    | 0.06519      | 49.8          | 0.01075      | 0.01067     | 0.0            | 0.9567                 | 0.004249     | 51.46  | -240179.251201 |
| CELRUSDT      | 0.001192      | 0.002141    | 0.07363      | 83.4          | 0.01474      | 0.01487     | 0.0            | 0.8647                 | 0.005557     | 790.96 | -240179.251192 |
| INJUSDT       | 0.001188      | 0.001259    | 0.02643      | 73.03         | 0.009135     | 0.007734    | 0.0            | 0.9855                 | 0.001048     | 317.88 | -240179.251188 |
| CFXUSDT       | 0.001147      | 0.001525    | 0.03618      | 64.52         | 0.01411      | 0.01114     | 0.0            | 0.9774                 | 0.001775     | 130.38 | -240179.251147 |
| IDUSDT        | 0.001129      | 0.001138    | 0.03425      | 76.35         | 0.01622      | 0.01176     | 0.0            | 0.9802                 | 0.001509     | 99.38  | -240179.251129 |
| TOMOUSDT      | 0.001127      | 0.001329    | 0.06487      | 95.98         | 0.01663      | 0.01946     | 0.0            | 0.8918                 | 0.006239     | 790.96 | -240179.251127 |
| ALICEUSDT     | 0.001113      | 0.002054    | 0.05575      | 81.6          | 0.01244      | 0.01473     | 0.0            | 0.8824                 | 0.004664     | 790.96 | -240179.251113 |
| ARBUSDT       | 0.001113      | 0.001417    | 0.06819      | 48.15         | 0.009919     | 0.00973     | 0.0            | 0.971                  | 0.002903     | 99.33  | -240179.251113 |
| LDOUSDT       | 0.001111      | 0.001484    | 0.05337      | 71.9          | 0.01361      | 0.01142     | 0.0            | 0.9794                 | 0.002032     | 281.46 | -240179.251111 |
| 1000FLOKIUSDT | 0.00109       | 0.0008399   | 0.07151      | 74.88         | 0.01402      | 0.01847     | 0.0            | 0.946                  | 0.009013     | 55.29  | -240179.25109  |
| ICPUSDT       | 0.00108       | 0.001177    | 0.04066      | 63.9          | 0.008974     | 0.007996    | 0.0            | 0.9785                 | 0.001453     | 276.88 | -240179.25108  |
| AGIXUSDT      | 0.001074      | 0.001326    | 0.07244      | 76.4          | 0.01764      | 0.01814     | 0.0            | 0.9451                 | 0.007359     | 134.38 | -240179.251074 |
| OPUSDT        | 0.001073      | 0.001605    | 0.05473      | 74.15         | 0.01403      | 0.01874     | 0.0            | 0.8969                 | 0.00616      | 394.38 | -240179.251073 |
| LINAUSDT      | 0.001067      | 0.001254    | 0.04753      | 85.77         | 0.01707      | 0.01888     | 0.0            | 0.8986                 | 0.006259     | 790.96 | -240179.251067 |
| OCEANUSDT     | 0.001066      | 0.001411    | 0.04672      | 67.2          | 0.01473      | 0.017       | 0.0            | 0.8888                 | 0.005294     | 790.96 | -240179.251066 |
| LQTYUSDT      | 0.001056      | 0.001467    | 0.06727      | 80.08         | 0.0135       | 0.0172      | 0.0            | 0.9294                 | 0.006867     | 112.46 | -240179.251056 |
| OMGUSDT       | 0.001015      | 0.00151     | 0.06897      | 73.6          | 0.01202      | 0.01027     | 0.0            | 0.956                  | 0.003253     | 790.96 | -240179.251015 |
| HOOKUSDT      | 0.001005      | 0.001413    | 0.02724      | 44.95         | 0.009386     | 0.007228    | 0.0            | 0.9915                 | 0.0007335    | 158.83 | -240179.251005 |
| WAVESUSDT     | 0.0009943     | 0.001404    | 0.04724      | 78.08         | 0.0111       | 0.01388     | 0.0            | 0.8965                 | 0.005261     | 790.96 | -240179.250994 |
| DOGEUSDT      | 0.00099       | 0.001818    | 0.05343      | 78.48         | 0.009841     | 0.01543     | 0.0            | 0.8581                 | 0.00553      | 790.96 | -240179.25099  |
| ASTRUSDT      | 0.0009894     | 0.0013      | 0.04615      | 47.05         | 0.0101       | 0.00867     | 0.0            | 0.9729                 | 0.002908     | 136.88 | -240179.250989 |
| RVNUSDT       | 0.000972      | 0.001839    | 0.06624      | 95.5          | 0.01186      | 0.01246     | 0.0            | 0.9244                 | 0.004001     | 790.96 | -240179.250972 |
| PHBUSDT       | 0.0009659     | 0.001216    | 0.04543      | 47.77         | 0.01476      | 0.01334     | 0.0            | 0.9636                 | 0.00263      | 134.38 | -240179.250966 |
| SSVUSDT       | 0.0009496     | 0.001235    | 0.05514      | 62.07         | 0.01566      | 0.0186      | 0.0            | 0.9246                 | 0.008072     | 126.46 | -240179.25095  |
| APTUSDT       | 0.0009387     | 0.001302    | 0.05808      | 53.15         | 0.01181      | 0.015       | 0.0            | 0.8979                 | 0.006462     | 254.88 | -240179.250939 |
| TRUUSDT       | 0.0009218     | 0.001174    | 0.05818      | 84.13         | 0.01889      | 0.01635     | 0.0            | 0.9591                 | 0.004069     | 115.46 | -240179.250922 |
| BELUSDT       | 0.0009197     | 0.001413    | 0.0559       | 64.65         | 0.01221      | 0.01573     | 0.0            | 0.908                  | 0.005787     | 790.96 | -240179.25092  |
| MINAUSDT      | 0.0009157     | 0.001206    | 0.05349      | 64.37         | 0.01034      | 0.01001     | 0.0            | 0.9547                 | 0.00323      | 143.5  | -240179.250916 |
| IMXUSDT       | 0.0009149     | 0.001373    | 0.03665      | 69.83         | 0.01031      | 0.009668    | 0.0            | 0.9502                 | 0.002358     | 504.83 | -240179.250915 |
| SPELLUSDT     | 0.0009129     | 0.0009398   | 0.04505      | 91.08         | 0.008662     | 0.007537    | 0.0            | 0.976                  | 0.001274     | 297.46 | -240179.250913 |
| XRPUSDT       | 0.0009111     | 0.001572    | 0.07042      | 87.07         | 0.01057      | 0.01126     | 0.0            | 0.9168                 | 0.004908     | 790.96 | -240179.250911 |
| MATICUSDT     | 0.0009056     | 0.002523    | 0.05901      | 91.53         | 0.01327      | 0.01544     | 0.0            | 0.8869                 | 0.005073     | 790.96 | -240179.250906 |
| SKLUSDT       | 0.0008973     | 0.001608    | 0.06107      | 87.62         | 0.01377      | 0.01414     | 0.0            | 0.906                  | 0.004365     | 790.96 | -240179.250897 |
| ATOMUSDT      | 0.0008944     | 0.001939    | 0.0569       | 89.87         | 0.01071      | 0.01156     | 0.0            | 0.9162                 | 0.003723     | 790.96 | -240179.250894 |
| ARPAUSDT      | 0.0008889     | 0.0008382   | 0.0223       | 59.67         | 0.009423     | 0.008793    | 0.0            | 0.9555                 | 0.001637     | 619.83 | -240179.250889 |
| COTIUSDT      | 0.0008689     | 0.001796    | 0.06227      | 84.62         | 0.01246      | 0.01129     | 0.0            | 0.9239                 | 0.003852     | 790.96 | -240179.250869 |
| ANKRUSDT      | 0.0008641     | 0.001348    | 0.06293      | 92.72         | 0.01325      | 0.01919     | 0.0            | 0.8907                 | 0.007507     | 790.96 | -240179.250864 |
| CELOUSDT      | 0.0008572     | 0.001241    | 0.04311      | 80.13         | 0.01028      | 0.009592    | 0.0            | 0.9551                 | 0.00233      | 641.83 | -240179.250857 |
| LEVERUSDT     | 0.0008498     | 0.0008387   | 0.07314      | 57.75         | 0.01146      | 0.01251     | 0.0            | 0.9544                 | 0.004715     | 92.46  | -240179.25085  |
| HFTUSDT       | 0.0008504     | 0.0008435   | 0.07153      | 66.08         | 0.01367      | 0.01422     | 0.0            | 0.9392                 | 0.007532     | 85.46  | -240179.25085  |
| MAGICUSDT     | 0.0008353     | 0.00132     | 0.04726      | 76.32         | 0.01129      | 0.01085     | 0.0            | 0.958                  | 0.004315     | 156.83 | -240179.250835 |
| UNFIUSDT      | 0.0008048     | 0.001181    | 0.03721      | 68.8          | 0.0179       | 0.01732     | 0.0            | 0.9362                 | 0.003483     | 790.96 | -240179.250805 |
| RLCUSDT       | 0.0007892     | 0.00133     | 0.04338      | 69.07         | 0.01362      | 0.01664     | 0.0            | 0.8612                 | 0.005131     | 790.96 | -240179.250789 |
| DOTUSDT       | 0.0007775     | 0.001858    | 0.06572      | 95.8          | 0.01079      | 0.01271     | 0.0            | 0.897                  | 0.0045       | 790.96 | -240179.250778 |
| SNXUSDT       | 0.0007756     | 0.001184    | 0.05059      | 88.88         | 0.01655      | 0.01537     | 0.0            | 0.916                  | 0.004296     | 790.96 | -240179.250776 |
| STGUSDT       | 0.000776      | 0.001024    | 0.053        | 82.23         | 0.01294      | 0.01286     | 0.0            | 0.9444                 | 0.003721     | 309.46 | -240179.250776 |
| ENJUSDT       | 0.0007757     | 0.001583    | 0.05564      | 93.37         | 0.01114      | 0.01463     | 0.0            | 0.8832                 | 0.005409     | 790.96 | -240179.250776 |
| HOTUSDT       | 0.0007652     | 0.001856    | 0.03958      | 91.4          | 0.009858     | 0.009698    | 0.0            | 0.9632                 | 0.002108     | 790.96 | -240179.250765 |
| GMXUSDT       | 0.0007571     | 0.0008736   | 0.06651      | 74.75         | 0.01226      | 0.01168     | 0.0            | 0.9788                 | 0.002496     | 133.38 | -240179.250757 |
| TUSDT         | 0.0007475     | 0.0007094   | 0.07044      | 79.7          | 0.01446      | 0.01624     | 0.0            | 0.9425                 | 0.006245     | 149.42 | -240179.250747 |
| FTMUSDT       | 0.000747      | 0.001395    | 0.05126      | 81.1          | 0.01566      | 0.01511     | 0.0            | 0.9006                 | 0.004791     | 790.96 | -240179.250747 |
| HBARUSDT      | 0.0007468     | 0.001471    | 0.04627      | 91.78         | 0.0108       | 0.01129     | 0.0            | 0.9231                 | 0.00326      | 790.96 | -240179.250747 |
| FXSUSDT       | 0.0007442     | 0.0009813   | 0.04308      | 54.65         | 0.01325      | 0.01051     | 0.0            | 0.9803                 | 0.00181      | 161.83 | -240179.250744 |
| LRCUSDT       | 0.0007329     | 0.001358    | 0.04821      | 82.42         | 0.01235      | 0.01804     | 0.0            | 0.8451                 | 0.00603      | 790.96 | -240179.250733 |
| YFIUSDT       | 0.0007301     | 0.002828    | 0.03132      | 90.42         | 0.01189      | 0.01445     | 0.0            | 0.89                   | 0.004666     | 790.96 | -240179.25073  |
| CHZUSDT       | 0.0007285     | 0.001304    | 0.05117      | 88.5          | 0.01488      | 0.01843     | 0.0            | 0.8995                 | 0.0054       | 790.96 | -240179.250728 |
| IDEXUSDT      | 0.0007202     | 0.0009192   | 0.0688       | 58.12         | 0.01588      | 0.01754     | 0.0            | 0.9446                 | 0.007975     | 58.46  | -240179.25072  |
| RSRUSDT       | 0.0007159     | 0.0006427   | 0.02456      | 74.8          | 0.0133       | 0.01073     | 0.0            | 0.9504                 | 0.001883     | 790.96 | -240179.250716 |
| MANAUSDT      | 0.0007164     | 0.001354    | 0.0539       | 91.52         | 0.01318      | 0.01631     | 0.0            | 0.8843                 | 0.005673     | 790.96 | -240179.250716 |
| CKBUSDT       | 0.0007156     | 0.001137    | 0.06788      | 92.67         | 0.01386      | 0.01414     | 0.0            | 0.976                  | 0.002836     | 122.46 | -240179.250716 |
| CRVUSDT       | 0.0007022     | 0.001369    | 0.05886      | 94.85         | 0.01381      | 0.01662     | 0.0            | 0.8907                 | 0.006384     | 790.96 | -240179.250702 |
| ICXUSDT       | 0.0006973     | 0.001017    | 0.04153      | 85.8          | 0.01169      | 0.01267     | 0.0            | 0.9132                 | 0.003838     | 790.96 | -240179.250697 |
| THETAUSDT     | 0.000695      | 0.002134    | 0.04571      | 81.27         | 0.01125      | 0.01063     | 0.0            | 0.9489                 | 0.002839     | 790.96 | -240179.250695 |
| 1INCHUSDT     | 0.0006896     | 0.001283    | 0.05329      | 81.75         | 0.01231      | 0.01953     | 0.0            | 0.8694                 | 0.007306     | 790.96 | -240179.25069  |
| BANDUSDT      | 0.00069       | 0.001165    | 0.04165      | 75.42         | 0.01295      | 0.01486     | 0.0            | 0.9184                 | 0.004408     | 790.96 | -240179.25069  |
| VETUSDT       | 0.0006674     | 0.001785    | 0.06522      | 90.97         | 0.01188      | 0.01083     | 0.0            | 0.9338                 | 0.004049     | 790.96 | -240179.250667 |
| ZENUSDT       | 0.0006643     | 0.00113     | 0.04775      | 81.5          | 0.01352      | 0.01861     | 0.0            | 0.8579                 | 0.006428     | 790.96 | -240179.250664 |
| COMPUSDT      | 0.0006621     | 0.00116     | 0.04303      | 83.32         | 0.01257      | 0.01273     | 0.0            | 0.9597                 | 0.002827     | 790.96 | -240179.250662 |
| SANDUSDT      | 0.0006611     | 0.001312    | 0.03858      | 90.97         | 0.01099      | 0.01291     | 0.0            | 0.9022                 | 0.004022     | 790.96 | -240179.250661 |
| API3USDT      | 0.0006581     | 0.001014    | 0.03472      | 89.42         | 0.01064      | 0.01087     | 0.0            | 0.9552                 | 0.002037     | 493.83 | -240179.250658 |
| GALUSDT       | 0.0006556     | 0.00146     | 0.04998      | 54.13         | 0.01229      | 0.01272     | 0.0            | 0.9461                 | 0.00435      | 421.38 | -240179.250656 |
| CVXUSDT       | 0.000652      | 0.0005948   | 0.05898      | 93.6          | 0.01234      | 0.01986     | 0.0            | 0.9038                 | 0.008138     | 281.46 | -240179.250652 |
| ACHUSDT       | 0.0006478     | 0.0008324   | 0.03028      | 60.98         | 0.01567      | 0.01536     | 0.0            | 0.9736                 | 0.002602     | 128.38 | -240179.250648 |
| ONEUSDT       | 0.0006484     | 0.001149    | 0.03106      | 91.77         | 0.01337      | 0.01247     | 0.0            | 0.9185                 | 0.002886     | 790.96 | -240179.250648 |
| ARUSDT        | 0.0006411     | 0.001076    | 0.04243      | 80.07         | 0.0119       | 0.01192     | 0.0            | 0.9242                 | 0.003853     | 640.83 | -240179.250641 |
| TLMUSDT       | 0.0006397     | 0.0005594   | 0.01521      | 55.63         | 0.008241     | 0.006566    | 0.0            | 0.998                  | 0.0002175    | 92.46  | -240179.25064  |
| ZECUSDT       | 0.0006357     | 0.001233    | 0.04589      | 91.8          | 0.01273      | 0.0124      | 0.0            | 0.9146                 | 0.003493     | 790.96 | -240179.250636 |
| NEARUSDT      | 0.0006296     | 0.001176    | 0.05532      | 87.38         | 0.01871      | 0.017       | 0.0            | 0.939                  | 0.003757     | 790.96 | -240179.25063  |
| SXPUSDT       | 0.0006286     | 0.002554    | 0.03053      | 73.28         | 0.01106      | 0.01323     | 0.0            | 0.9105                 | 0.00423      | 790.96 | -240179.250629 |
| BATUSDT       | 0.0006269     | 0.001122    | 0.06521      | 92.95         | 0.01504      | 0.01935     | 0.0            | 0.8947                 | 0.007146     | 790.96 | -240179.250627 |
| BLZUSDT       | 0.0006184     | 0.001042    | 0.04237      | 93.12         | 0.01846      | 0.01998     | 0.0            | 0.9083                 | 0.004933     | 790.96 | -240179.250618 |
| REEFUSDT      | 0.0006182     | 0.001307    | 0.03134      | 75.37         | 0.01047      | 0.01067     | 0.0            | 0.9371                 | 0.002775     | 790.96 | -240179.250618 |
| MTLUSDT       | 0.0006085     | 0.0008279   | 0.04818      | 91.75         | 0.01883      | 0.01925     | 0.0            | 0.878                  | 0.006655     | 790.96 | -240179.250609 |
| BNXUSDT       | 0.0006093     | 0.0007497   | 0.03151      | 82.88         | 0.01567      | 0.01272     | 0.0            | 0.9817                 | 0.001823     | 128.38 | -240179.250609 |
| LINKUSDT      | 0.0006065     | 0.001269    | 0.03867      | 83.18         | 0.01005      | 0.01098     | 0.0            | 0.9082                 | 0.00307      | 790.96 | -240179.250606 |
| IOSTUSDT      | 0.0006014     | 0.001114    | 0.04375      | 93.38         | 0.01053      | 0.01531     | 0.0            | 0.8742                 | 0.005556     | 790.96 | -240179.250601 |
| FILUSDT       | 0.0005951     | 0.0008979   | 0.02494      | 90.93         | 0.009161     | 0.01039     | 0.0            | 0.932                  | 0.003209     | 790.96 | -240179.250595 |
| RUNEUSDT      | 0.0005839     | 0.00178     | 0.04531      | 94.52         | 0.01194      | 0.01625     | 0.0            | 0.8804                 | 0.005715     | 790.96 | -240179.250584 |
| QNTUSDT       | 0.0005823     | 0.000721    | 0.03808      | 73.52         | 0.009526     | 0.008325    | 0.0            | 0.9779                 | 0.001488     | 253.88 | -240179.250582 |
| EGLDUSDT      | 0.0005807     | 0.001062    | 0.03989      | 65.3          | 0.01237      | 0.01413     | 0.0            | 0.9143                 | 0.004339     | 790.96 | -240179.250581 |
| JOEUSDT       | 0.0005811     | 0.0008231   | 0.0603       | 50.97         | 0.01919      | 0.01877     | 0.0            | 0.9682                 | 0.004482     | 93.46  | -240179.250581 |
| SUSHIUSDT     | 0.0005785     | 0.001216    | 0.03248      | 90.85         | 0.01102      | 0.01043     | 0.0            | 0.9541                 | 0.002561     | 790.96 | -240179.250578 |
| ZILUSDT       | 0.0005772     | 0.0009605   | 0.05938      | 75.1          | 0.01228      | 0.01731     | 0.0            | 0.8856                 | 0.006678     | 790.96 | -240179.250577 |
| IOTAUSDT      | 0.0005678     | 0.001811    | 0.05414      | 84.67         | 0.01221      | 0.01482     | 0.0            | 0.9124                 | 0.005307     | 790.96 | -240179.250568 |
| ALGOUSDT      | 0.0005632     | 0.0009392   | 0.04409      | 76.32         | 0.01231      | 0.01611     | 0.0            | 0.8806                 | 0.005643     | 790.96 | -240179.250563 |
| DUSKUSDT      | 0.0005483     | 0.0007672   | 0.03725      | 78.83         | 0.01608      | 0.01576     | 0.0            | 0.9323                 | 0.003788     | 539.83 | -240179.250548 |
| MASKUSDT      | 0.0005447     | 0.0007987   | 0.02231      | 75.68         | 0.01363      | 0.01423     | 0.0            | 0.9196                 | 0.004222     | 672.83 | -240179.250545 |
| GALAUSDT      | 0.0005227     | 0.0008455   | 0.01695      | 72.18         | 0.008868     | 0.007957    | 0.0            | 0.977                  | 0.001065     | 650.83 | -240179.250523 |
| DENTUSDT      | 0.0005218     | 0.001212    | 0.04452      | 95.62         | 0.01501      | 0.01883     | 0.0            | 0.8587                 | 0.004959     | 790.96 | -240179.250522 |
| ADAUSDT       | 0.0005136     | 0.00154     | 0.02848      | 67.53         | 0.009038     | 0.009095    | 0.0            | 0.9306                 | 0.002442     | 790.96 | -240179.250514 |
| LUNA2USDT     | 0.0005143     | 0.0005481   | 0.01966      | 76.6          | 0.01264      | 0.01934     | 0.0            | 0.8885                 | 0.007153     | 293.83 | -240179.250514 |
| ROSEUSDT      | 0.0004999     | 0.0007861   | 0.02854      | 69.0          | 0.01017      | 0.01024     | 0.0            | 0.945                  | 0.002994     | 546.83 | -240179.2505   |
| DGBUSDT       | 0.0004961     | 0.0009462   | 0.04285      | 92.83         | 0.01602      | 0.01695     | 0.0            | 0.8954                 | 0.004091     | 790.96 | -240179.250496 |
| LITUSDT       | 0.0004923     | 0.0008616   | 0.03112      | 81.15         | 0.01678      | 0.01564     | 0.0            | 0.9538                 | 0.002505     | 790.96 | -240179.250492 |
| CTKUSDT       | 0.0004846     | 0.002007    | 0.034        | 82.42         | 0.01085      | 0.01064     | 0.0            | 0.9252                 | 0.003002     | 790.96 | -240179.250485 |
| ANTUSDT       | 0.000478      | 0.000751    | 0.03416      | 87.82         | 0.01285      | 0.01789     | 0.0            | 0.904                  | 0.006303     | 550.79 | -240179.250478 |
| XLMUSDT       | 0.0004746     | 0.002881    | 0.02045      | 76.38         | 0.009271     | 0.007822    | 0.0            | 0.9782                 | 0.0009645    | 790.96 | -240179.250475 |
| ETCUSDT       | 0.0004699     | 0.001191    | 0.0269       | 89.37         | 0.01111      | 0.01022     | 0.0            | 0.9614                 | 0.001866     | 790.96 | -240179.25047  |
| EOSUSDT       | 0.0004677     | 0.0007911   | 0.02294      | 95.5          | 0.01149      | 0.01049     | 0.0            | 0.9589                 | 0.001602     | 790.96 | -240179.250468 |
| RENUSDT       | 0.0004663     | 0.0006003   | 0.03065      | 73.93         | 0.01838      | 0.01918     | 0.0            | 0.9053                 | 0.004627     | 790.96 | -240179.250466 |
| ONTUSDT       | 0.0004475     | 0.0006433   | 0.03393      | 93.98         | 0.01466      | 0.01509     | 0.0            | 0.9229                 | 0.004043     | 790.96 | -240179.250448 |
| SFPUSDT       | 0.0004476     | 0.001057    | 0.02538      | 90.23         | 0.01288      | 0.01295     | 0.0            | 0.9372                 | 0.002669     | 790.96 | -240179.250448 |
| DYDXUSDT      | 0.0004395     | 0.0007247   | 0.02182      | 87.87         | 0.01259      | 0.01091     | 0.0            | 0.9538                 | 0.002349     | 658.83 | -240179.250439 |
| UNIUSDT       | 0.0004279     | 0.0008513   | 0.04069      | 93.82         | 0.01514      | 0.01442     | 0.0            | 0.9249                 | 0.003224     | 790.96 | -240179.250428 |
| OGNUSDT       | 0.0004263     | 0.001468    | 0.0281       | 89.9          | 0.01087      | 0.01191     | 0.0            | 0.9317                 | 0.003409     | 790.96 | -240179.250426 |
| AUDIOUSDT     | 0.0004112     | 0.0007157   | 0.02761      | 67.17         | 0.01031      | 0.009776    | 0.0            | 0.9478                 | 0.002124     | 680.83 | -240179.250411 |
| NEOUSDT       | 0.0003899     | 0.0005856   | 0.03798      | 72.32         | 0.01451      | 0.01754     | 0.0            | 0.8816                 | 0.00475      | 790.96 | -240179.25039  |
| XEMUSDT       | 0.0003858     | 0.0009171   | 0.02642      | 89.92         | 0.01157      | 0.01033     | 0.0            | 0.9474                 | 0.002121     | 790.96 | -240179.250386 |
| ZRXUSDT       | 0.000379      | 0.0005245   | 0.02069      | 75.78         | 0.01336      | 0.01265     | 0.0            | 0.9324                 | 0.002256     | 790.96 | -240179.250379 |
| WOOUSDT       | 0.0003782     | 0.00051     | 0.01755      | 69.77         | 0.01245      | 0.01151     | 0.0            | 0.977                  | 0.00149      | 448.83 | -240179.250378 |
| DASHUSDT      | 0.000374      | 0.0005385   | 0.03147      | 86.75         | 0.01676      | 0.01503     | 0.0            | 0.9296                 | 0.002662     | 790.96 | -240179.250374 |
| CHRUSDT       | 0.0003667     | 0.0008281   | 0.03484      | 89.77         | 0.01227      | 0.01432     | 0.0            | 0.9103                 | 0.004306     | 790.96 | -240179.250367 |
| KNCUSDT       | 0.0003514     | 0.000677    | 0.03276      | 94.47         | 0.01951      | 0.01707     | 0.0            | 0.8969                 | 0.004322     | 790.96 | -240179.250351 |
| AXSUSDT       | 0.0003482     | 0.001282    | 0.0492       | 91.8          | 0.01772      | 0.0193      | 0.0            | 0.9298                 | 0.004681     | 790.96 | -240179.250348 |
| XTZUSDT       | 0.0003416     | 0.0007523   | 0.0253       | 82.82         | 0.01012      | 0.009329    | 0.0            | 0.9407                 | 0.002282     | 790.96 | -240179.250342 |
| QTUMUSDT      | 0.000339      | 0.0006455   | 0.02497      | 84.87         | 0.01593      | 0.0138      | 0.0            | 0.9479                 | 0.002058     | 790.96 | -240179.250339 |
| BALUSDT       | 0.0003254     | 0.0006277   | 0.05006      | 93.6          | 0.01701      | 0.01722     | 0.0            | 0.9213                 | 0.004485     | 790.96 | -240179.250325 |
| STMXUSDT      | 0.0003216     | 0.0005306   | 0.0399       | 95.3          | 0.01576      | 0.01792     | 0.0            | 0.8995                 | 0.004919     | 790.96 | -240179.250322 |
| AAVEUSDT      | 0.0003014     | 0.0008831   | 0.03557      | 81.28         | 0.01903      | 0.01775     | 0.0            | 0.928                  | 0.003433     | 790.96 | -240179.250301 |
| APEUSDT       | 0.0003005     | 0.0005286   | 0.01923      | 91.88         | 0.01244      | 0.01337     | 0.0            | 0.956                  | 0.002091     | 470.33 | -240179.250301 |
| XMRUSDT       | 0.0002908     | 0.0006289   | 0.03279      | 94.27         | 0.01097      | 0.01923     | 0.0            | 0.8152                 | 0.006049     | 790.96 | -240179.250291 |
| LPTUSDT       | 0.0002819     | 0.0004298   | 0.02942      | 93.03         | 0.0182       | 0.01676     | 0.0            | 0.9439                 | 0.002896     | 596.83 | -240179.250282 |
| KAVAUSDT      | 0.000279      | 0.0004242   | 0.02268      | 93.98         | 0.01928      | 0.01728     | 0.0            | 0.9209                 | 0.003519     | 790.96 | -240179.250279 |
| FLMUSDT       | 0.0002775     | 0.00044     | 0.02493      | 81.2          | 0.01907      | 0.01964     | 0.0            | 0.9536                 | 0.003332     | 790.96 | -240179.250278 |
| ENSUSDT       | 0.0002716     | 0.0005531   | 0.02952      | 93.17         | 0.01307      | 0.01265     | 0.0            | 0.9476                 | 0.003061     | 577.83 | -240179.250272 |
| PEOPLEUSDT    | 0.0002663     | 0.0005083   | 0.01696      | 73.32         | 0.01585      | 0.01249     | 0.0            | 0.958                  | 0.001566     | 553.79 | -240179.250266 |
| GMTUSDT       | 0.0001611     | 0.0004355   | 0.02978      | 74.57         | 0.01184      | 0.01238     | 0.0            | 0.9568                 | 0.003155     | 472.79 | -240179.250161 |
| USDCUSDT      | 1.535e-07     | 1.535e-06   | 0.01846      | 6.483         | 0.00249      | 0.000844    | 0.0            | 1.0                    | 1.139e-05    | 110.25 | -240179.25     |
| TRBUSDT       | 0.00011       | 0.0002218   | 0.01429      | 91.68         | 0.02341      | 0.01688     | 0.0            | 0.9769                 | 0.001117     | 790.96 | -240175.836403 |
| CTSIUSDT      | 0.0001449     | 0.0002275   | 0.01656      | 97.1          | 0.01771      | 0.01272     | 0.0            | 0.9792                 | 0.0009196    | 612.83 | -240069.250145 |
| DARUSDT       | 0.000385      | 0.001283    | 0.1054       | 83.83         | 0.02554      | 0.05268     | 0.0            | 0.8533                 | 0.02162      | 427.83 | -239846.601508 |
| 1000XECUSDT   | 0.0002054     | 0.0003791   | 0.0251       | 101.0         | 0.01188      | 0.01189     | 0.0            | 0.9543                 | 0.002584     | 651.83 | -239680.916872 |
| TRXUSDT       | 0.0001037     | 0.0005551   | 0.0134       | 105.7         | 0.009905     | 0.008633    | 0.0            | 0.9707                 | 0.001205     | 790.96 | -239207.583437 |
| STORJUSDT     | 0.0001095     | 0.000225    | 0.03482      | 107.6         | 0.02052      | 0.01995     | 0.0            | 0.9053                 | 0.007039     | 790.96 | -239022.067669 |
| FLOWUSDT      | 8.031e-05     | 0.0001217   | 0.01634      | 113.5         | 0.02282      | 0.01915     | 0.0            | 0.9514                 | 0.002252     | 505.83 | -238428.094058 |
| IOTXUSDT      | 6.555e-05     | 0.0001609   | 0.01805      | 125.2         | 0.02348      | 0.01699     | 0.0            | 0.9717                 | 0.00166      | 687.83 | -237260.767731 |
| GTCUSDT       | 0.0001416     | 0.0002586   | 0.04235      | 161.6         | 0.02164      | 0.02112     | 0.0            | 0.9008                 | 0.006463     | 749.83 | -233606.410891 |
| JASMYUSDT     | 0.0004747     | 0.0006148   | 0.05048      | 163.4         | 0.02038      | 0.02432     | 0.0            | 0.9102                 | 0.007975     | 436.83 | -233394.054788 |
| C98USDT       | 0.000624      | 0.0009794   | 0.04466      | 169.3         | 0.0124       | 0.01412     | 0.0            | 0.9354                 | 0.00475      | 675.83 | -232849.250624 |
| KLAYUSDT      | 0.0002409     | 0.0003317   | 0.02524      | 172.7         | 0.01334      | 0.01322     | 0.0            | 0.9607                 | 0.002147     | 626.83 | -232512.583574 |
| SOLUSDT       | 0.000412      | 0.00144     | 0.07546      | 194.1         | 0.02996      | 0.02918     | 0.0            | 0.9112                 | 0.007115     | 790.96 | -230270.837924 |
| KSMUSDT       | 0.0002521     | 0.0006163   | 0.0659       | 212.3         | 0.04122      | 0.05748     | 0.0            | 0.8222                 | 0.01426      | 790.96 | -228151.582669 |
| BAKEUSDT      | 0.000241      | 0.000422    | 0.03838      | 311.9         | 0.02126      | 0.02326     | 0.0            | 0.8818                 | 0.008084     | 772.67 | -218552.049295 |
| AVAXUSDT      | 0.0004458     | 0.00106     | 0.1819       | 415.8         | 0.06949      | 0.06912     | 0.0            | 0.8367                 | 0.01857      | 790.96 | -207659.140897 |
+---------------+---------------+-------------+--------------+---------------+--------------+-------------+----------------+------------------------+--------------+--------+----------------+

+--------------------------------------------------------------------------------------------------------------------------------------------------------------------------------------------+
|                                                                                           short                                                                                            |
+---------------+---------------+-------------+--------------+---------------+--------------+-------------+----------------+------------------------+--------------+--------+----------------+
| symbol        | adg_w_per_exp | adg_per_exp | exp_rts_mean | hrs_stuck_max | pa_dist_mean | pa_dist_std | loss_profit_rt | eqbal_rt_10_worst_mean | eqbal_rt_std | n_days | score          |
+---------------+---------------+-------------+--------------+---------------+--------------+-------------+----------------+------------------------+--------------+--------+----------------+
| MAVUSDT       | 0.008377      | 0.002994    | 0.007972     | 2.4           | 0.007366     | 0.004174    | 0.0            | 1.0                    | 3.218e-05    | 1.46   | -230179.258377 |
| 1000PEPEUSDT  | 0.004873      | 0.004163    | 0.02804      | 57.73         | 0.008768     | 0.007609    | 0.0            | 0.9945                 | 0.0005318    | 56.29  | -230179.254873 |
| HIGHUSDT      | 0.004606      | 0.002974    | 0.05512      | 49.83         | 0.01249      | 0.01268     | 0.0117         | 0.9891                 | 0.000927     | 143.88 | -230179.254606 |
| BLURUSDT      | 0.003421      | 0.001968    | 0.04152      | 37.73         | 0.008955     | 0.00836     | 0.0            | 0.9973                 | 0.0003171    | 63.46  | -230179.253421 |
| TRUUSDT       | 0.003002      | 0.002602    | 0.05208      | 74.65         | 0.009913     | 0.01146     | 0.002938       | 0.9801                 | 0.001619     | 115.46 | -230179.253002 |
| 1000FLOKIUSDT | 0.002461      | 0.001771    | 0.02824      | 38.63         | 0.008075     | 0.007428    | 0.0            | 0.9977                 | 0.000375     | 55.29  | -230179.252461 |
| COMBOUSDT     | 0.002256      | 0.002522    | 0.06506      | 31.68         | 0.01901      | 0.01609     | 0.01116        | 0.9954                 | 0.0007401    | 28.46  | -230179.252256 |
| SSVUSDT       | 0.002034      | 0.002782    | 0.05175      | 80.05         | 0.01007      | 0.008343    | 0.0            | 0.9941                 | 0.0004968    | 126.46 | -230179.252034 |
| AGIXUSDT      | 0.001966      | 0.002113    | 0.05829      | 44.67         | 0.01217      | 0.01509     | 0.03202        | 0.9712                 | 0.001868     | 134.38 | -230179.251966 |
| JOEUSDT       | 0.001855      | 0.001533    | 0.06884      | 69.03         | 0.01418      | 0.01546     | 0.02026        | 0.9895                 | 0.00132      | 93.46  | -230179.251855 |
| AMBUSDT       | 0.001854      | 0.002009    | 0.0266       | 33.23         | 0.009277     | 0.007603    | 0.0            | 0.9984                 | 0.0001634    | 92.46  | -230179.251854 |
| BNXUSDT       | 0.001826      | 0.002523    | 0.0542       | 71.32         | 0.01015      | 0.01003     | 0.0008784      | 0.9835                 | 0.001152     | 128.38 | -230179.251826 |
| RDNTUSDT      | 0.001786      | 0.001805    | 0.06077      | 47.47         | 0.01158      | 0.01086     | 0.006665       | 0.9887                 | 0.001009     | 86.46  | -230179.251786 |
| EDUUSDT       | 0.001777      | 0.002281    | 0.0616       | 36.0          | 0.01449      | 0.01502     | 0.02136        | 0.9872                 | 0.001347     | 61.46  | -230179.251777 |
| KEYUSDT       | 0.001749      | 0.0033      | 0.06413      | 36.42         | 0.01389      | 0.01317     | 0.0            | 0.9901                 | 0.001215     | 37.46  | -230179.251749 |
| LEVERUSDT     | 0.001658      | 0.001578    | 0.0403       | 78.98         | 0.008692     | 0.007121    | 0.0            | 0.9972                 | 0.0002636    | 92.46  | -230179.251658 |
| HFTUSDT       | 0.001657      | 0.001512    | 0.04887      | 53.18         | 0.009443     | 0.007632    | 0.0            | 0.9973                 | 0.0002906    | 85.46  | -230179.251657 |
| IDEXUSDT      | 0.001569      | 0.001529    | 0.04897      | 65.37         | 0.01143      | 0.01003     | 0.0            | 0.997                  | 0.0003943    | 58.46  | -230179.251569 |
| TOMOUSDT      | 0.001561      | 0.0009224   | 0.04429      | 89.8          | 0.0195       | 0.01768     | 0.01913        | 0.9776                 | 0.001194     | 790.96 | -230179.251561 |
| ACHUSDT       | 0.00155       | 0.002263    | 0.03764      | 65.68         | 0.01091      | 0.009385    | 0.0            | 0.9964                 | 0.0003226    | 128.38 | -230179.25155  |
| OCEANUSDT     | 0.001544      | 0.001862    | 0.0746       | 75.47         | 0.0148       | 0.01727     | 0.08372        | 0.9675                 | 0.002462     | 790.96 | -230179.251544 |
| RADUSDT       | 0.00145       | 0.002052    | 0.04069      | 57.95         | 0.008477     | 0.006657    | 0.0            | 0.9974                 | 0.0003563    | 51.46  | -230179.25145  |
| MINAUSDT      | 0.001442      | 0.001674    | 0.03535      | 77.7          | 0.0106       | 0.008306    | 0.0            | 0.997                  | 0.0002771    | 143.5  | -230179.251442 |
| FETUSDT       | 0.00141       | 0.001866    | 0.06315      | 76.32         | 0.01303      | 0.0134      | 0.02938        | 0.9776                 | 0.001682     | 164.88 | -230179.25141  |
| LQTYUSDT      | 0.001394      | 0.002266    | 0.07172      | 45.32         | 0.01386      | 0.01115     | 0.000924       | 0.9919                 | 0.000764     | 112.46 | -230179.251394 |
| HOOKUSDT      | 0.001379      | 0.002396    | 0.06841      | 49.95         | 0.01258      | 0.01246     | 0.01258        | 0.985                  | 0.001393     | 158.83 | -230179.251379 |
| CELRUSDT      | 0.001372      | 0.002029    | 0.06728      | 57.53         | 0.01429      | 0.0177      | 0.04859        | 0.9582                 | 0.002681     | 790.96 | -230179.251372 |
| JASMYUSDT     | 0.001338      | 0.00216     | 0.04132      | 83.43         | 0.009587     | 0.009658    | 0.02242        | 0.9744                 | 0.001104     | 436.83 | -230179.251338 |
| FLMUSDT       | 0.001296      | 0.0008357   | 0.03247      | 87.05         | 0.01739      | 0.01648     | 0.04133        | 0.9553                 | 0.00178      | 790.96 | -230179.251296 |
| INJUSDT       | 0.001252      | 0.00165     | 0.05643      | 68.47         | 0.01434      | 0.01568     | 0.009351       | 0.9758                 | 0.001855     | 317.88 | -230179.251252 |
| UMAUSDT       | 0.001242      | 0.0009659   | 0.03377      | 70.65         | 0.008614     | 0.007929    | 0.0            | 0.9974                 | 0.0002953    | 51.46  | -230179.251242 |
| LUNA2USDT     | 0.001223      | 0.001815    | 0.0455       | 82.18         | 0.009331     | 0.009214    | 0.004811       | 0.9817                 | 0.001002     | 293.83 | -230179.251223 |
| KAVAUSDT      | 0.001216      | 0.00129     | 0.06472      | 77.13         | 0.01536      | 0.01884     | 0.08022        | 0.9419                 | 0.0027       | 790.96 | -230179.251216 |
| IDUSDT        | 0.001207      | 0.002031    | 0.03116      | 59.58         | 0.01042      | 0.009486    | 0.0            | 0.9933                 | 0.0005405    | 99.38  | -230179.251207 |
| LITUSDT       | 0.001206      | 0.001958    | 0.06262      | 85.97         | 0.01433      | 0.01759     | 0.0417         | 0.9539                 | 0.002458     | 790.96 | -230179.251206 |
| TLMUSDT       | 0.001206      | 0.000873    | 0.0493       | 85.55         | 0.008894     | 0.008068    | 0.01436        | 0.9936                 | 0.0005546    | 92.46  | -230179.251206 |
| STORJUSDT     | 0.001191      | 0.002089    | 0.06957      | 94.88         | 0.01483      | 0.01832     | 0.03233        | 0.9591                 | 0.002436     | 790.96 | -230179.251191 |
| CHZUSDT       | 0.001185      | 0.002506    | 0.0749       | 92.67         | 0.01112      | 0.01385     | 0.0462         | 0.9618                 | 0.002008     | 790.96 | -230179.251185 |
| 1000LUNCUSDT  | 0.001182      | 0.001506    | 0.03147      | 86.32         | 0.009537     | 0.01392     | 0.03828        | 0.9666                 | 0.001892     | 294.42 | -230179.251182 |
| GALUSDT       | 0.001163      | 0.002475    | 0.06176      | 72.5          | 0.0131       | 0.01334     | 0.01377        | 0.9753                 | 0.00146      | 421.38 | -230179.251163 |
| GMXUSDT       | 0.001153      | 0.00109     | 0.05845      | 59.07         | 0.0118       | 0.01006     | 0.004659       | 0.9938                 | 0.00057      | 133.38 | -230179.251153 |
| ZENUSDT       | 0.001103      | 0.001662    | 0.07498      | 86.2          | 0.0151       | 0.01535     | 0.05927        | 0.9547                 | 0.002059     | 790.96 | -230179.251103 |
| PHBUSDT       | 0.001096      | 0.00111     | 0.05096      | 81.92         | 0.0198       | 0.01931     | 0.0            | 0.9902                 | 0.001006     | 134.38 | -230179.251096 |
| SKLUSDT       | 0.001064      | 0.00204     | 0.07311      | 92.77         | 0.01546      | 0.01645     | 0.04614        | 0.9725                 | 0.001639     | 790.96 | -230179.251064 |
| REEFUSDT      | 0.001045      | 0.00199     | 0.06533      | 69.73         | 0.01232      | 0.01194     | 0.01384        | 0.969                  | 0.001269     | 790.96 | -230179.251045 |
| ASTRUSDT      | 0.001018      | 0.001372    | 0.03252      | 80.73         | 0.009073     | 0.00785     | 0.0            | 0.9961                 | 0.0003327    | 136.88 | -230179.251018 |
| ONTUSDT       | 0.001008      | 0.001257    | 0.06347      | 91.92         | 0.01357      | 0.01202     | 0.0223         | 0.9787                 | 0.00128      | 790.96 | -230179.251008 |
| ENJUSDT       | 0.0009945     | 0.001815    | 0.0486       | 87.48         | 0.01277      | 0.01248     | 0.02073        | 0.9737                 | 0.001285     | 790.96 | -230179.250994 |
| RLCUSDT       | 0.0009893     | 0.001639    | 0.05047      | 92.13         | 0.01619      | 0.01506     | 0.02264        | 0.9778                 | 0.001444     | 790.96 | -230179.250989 |
| LDOUSDT       | 0.0009699     | 0.001597    | 0.06964      | 76.52         | 0.01472      | 0.01506     | 0.009767       | 0.9785                 | 0.001554     | 281.46 | -230179.25097  |
| CKBUSDT       | 0.0009677     | 0.001467    | 0.04931      | 67.18         | 0.01147      | 0.01017     | 0.0            | 0.9934                 | 0.0005802    | 122.46 | -230179.250968 |
| ANKRUSDT      | 0.0009584     | 0.00153     | 0.05301      | 86.37         | 0.01398      | 0.01809     | 0.03583        | 0.9505                 | 0.002549     | 790.96 | -230179.250958 |
| ONEUSDT       | 0.0009129     | 0.001681    | 0.06104      | 77.1          | 0.01521      | 0.01641     | 0.03676        | 0.9655                 | 0.002107     | 790.96 | -230179.250913 |
| STMXUSDT      | 0.0009062     | 0.001413    | 0.0607       | 95.48         | 0.0152       | 0.01422     | 0.05768        | 0.9567                 | 0.001927     | 790.96 | -230179.250906 |
| HOTUSDT       | 0.0008765     | 0.00144     | 0.06593      | 95.02         | 0.01661      | 0.01507     | 0.02845        | 0.978                  | 0.001381     | 790.96 | -230179.250876 |
| BLZUSDT       | 0.0008693     | 0.001606    | 0.04985      | 85.33         | 0.01668      | 0.01552     | 0.01511        | 0.9696                 | 0.001572     | 790.96 | -230179.250869 |
| SPELLUSDT     | 0.0008541     | 0.001516    | 0.04482      | 83.55         | 0.008481     | 0.008356    | 0.0114         | 0.984                  | 0.0009643    | 297.46 | -230179.250854 |
| GRTUSDT       | 0.0008542     | 0.00123     | 0.056        | 80.65         | 0.01738      | 0.01736     | 0.02208        | 0.9714                 | 0.001899     | 790.96 | -230179.250854 |
| DASHUSDT      | 0.0008281     | 0.001306    | 0.07444      | 90.98         | 0.01386      | 0.01226     | 0.0546         | 0.979                  | 0.001296     | 790.96 | -230179.250828 |
| TRBUSDT       | 0.0008155     | 0.001693    | 0.06323      | 90.88         | 0.01856      | 0.01817     | 0.01385        | 0.9686                 | 0.002159     | 790.96 | -230179.250815 |
| LINKUSDT      | 0.0008012     | 0.001408    | 0.07435      | 91.12         | 0.01312      | 0.01317     | 0.08219        | 0.973                  | 0.001624     | 790.96 | -230179.250801 |
| ICPUSDT       | 0.000771      | 0.0009857   | 0.05774      | 79.9          | 0.01092      | 0.009587    | 0.03861        | 0.9868                 | 0.0009064    | 276.88 | -230179.250771 |
| WOOUSDT       | 0.0007698     | 0.001075    | 0.04376      | 54.68         | 0.01466      | 0.01209     | 0.01755        | 0.9811                 | 0.0009478    | 448.83 | -230179.25077  |
| ZRXUSDT       | 0.000739      | 0.001044    | 0.04311      | 78.15         | 0.01483      | 0.01504     | 0.06029        | 0.9508                 | 0.001735     | 790.96 | -230179.250739 |
| CELOUSDT      | 0.000736      | 0.001064    | 0.0574       | 95.88         | 0.01409      | 0.01403     | 0.05459        | 0.973                  | 0.001653     | 641.83 | -230179.250736 |
| 1INCHUSDT     | 0.0007334     | 0.001347    | 0.07466      | 90.5          | 0.01558      | 0.01951     | 0.0651         | 0.9444                 | 0.003111     | 790.96 | -230179.250733 |
| SUSHIUSDT     | 0.0007244     | 0.001669    | 0.07442      | 92.33         | 0.01903      | 0.01954     | 0.03487        | 0.9611                 | 0.002309     | 790.96 | -230179.250724 |
| CHRUSDT       | 0.0007221     | 0.001695    | 0.06939      | 83.95         | 0.01784      | 0.01996     | 0.04739        | 0.9606                 | 0.002391     | 790.96 | -230179.250722 |
| NEOUSDT       | 0.0007213     | 0.0008492   | 0.07412      | 85.3          | 0.01484      | 0.01416     | 0.07372        | 0.9752                 | 0.001925     | 790.96 | -230179.250721 |
| QTUMUSDT      | 0.0007135     | 0.001152    | 0.04386      | 81.08         | 0.01314      | 0.01276     | 0.009093       | 0.9672                 | 0.001161     | 790.96 | -230179.250714 |
| OMGUSDT       | 0.0007064     | 0.0007625   | 0.05266      | 92.72         | 0.01948      | 0.01603     | 0.04999        | 0.9615                 | 0.001918     | 790.96 | -230179.250706 |
| ALGOUSDT      | 0.0006982     | 0.001287    | 0.06844      | 95.9          | 0.01275      | 0.015       | 0.09783        | 0.9465                 | 0.002103     | 790.96 | -230179.250698 |
| DOGEUSDT      | 0.0006888     | 0.00115     | 0.04515      | 95.8          | 0.01508      | 0.01655     | 0.03853        | 0.9701                 | 0.001425     | 790.96 | -230179.250689 |
| DGBUSDT       | 0.0006786     | 0.0013      | 0.05816      | 95.25         | 0.01454      | 0.01408     | 0.05927        | 0.9586                 | 0.001718     | 790.96 | -230179.250679 |
| CRVUSDT       | 0.0006782     | 0.001337    | 0.05678      | 81.08         | 0.01326      | 0.01397     | 0.04194        | 0.9687                 | 0.001749     | 790.96 | -230179.250678 |
| ALICEUSDT     | 0.000676      | 0.001392    | 0.06779      | 74.17         | 0.01756      | 0.01865     | 0.08201        | 0.9448                 | 0.00284      | 790.96 | -230179.250676 |
| HBARUSDT      | 0.0006707     | 0.001135    | 0.05494      | 92.5          | 0.01425      | 0.0142      | 0.02818        | 0.962                  | 0.001623     | 790.96 | -230179.250671 |
| RNDRUSDT      | 0.0006617     | 0.001033    | 0.03473      | 55.63         | 0.01977      | 0.01583     | 0.01794        | 0.9846                 | 0.001102     | 147.88 | -230179.250662 |
| XRPUSDT       | 0.0006227     | 0.000848    | 0.05575      | 88.18         | 0.01113      | 0.01384     | 0.09587        | 0.9679                 | 0.001894     | 790.96 | -230179.250623 |
| SFPUSDT       | 0.0006097     | 0.0009617   | 0.03252      | 94.0          | 0.01736      | 0.0162      | 0.01496        | 0.9648                 | 0.001332     | 790.96 | -230179.25061  |
| ZECUSDT       | 0.0006037     | 0.001095    | 0.07117      | 91.27         | 0.01465      | 0.01542     | 0.06379        | 0.9567                 | 0.002114     | 790.96 | -230179.250604 |
| THETAUSDT     | 0.0006043     | 0.00109     | 0.06862      | 91.52         | 0.0178       | 0.0183      | 0.03354        | 0.9634                 | 0.002126     | 790.96 | -230179.250604 |
| XEMUSDT       | 0.0006027     | 0.0006988   | 0.04124      | 84.15         | 0.01528      | 0.01332     | 0.03149        | 0.9639                 | 0.001563     | 790.96 | -230179.250603 |
| ENSUSDT       | 0.0005973     | 0.001541    | 0.05473      | 84.43         | 0.01252      | 0.01361     | 0.01935        | 0.9713                 | 0.001634     | 577.83 | -230179.250597 |
| FLOWUSDT      | 0.0005935     | 0.0009827   | 0.04672      | 88.62         | 0.01393      | 0.01513     | 0.09427        | 0.9748                 | 0.001711     | 505.83 | -230179.250593 |
| COMPUSDT      | 0.0005858     | 0.0006791   | 0.04357      | 84.65         | 0.01894      | 0.01978     | 0.02843        | 0.9722                 | 0.001953     | 790.96 | -230179.250586 |
| ICXUSDT       | 0.0005861     | 0.0006114   | 0.03346      | 95.12         | 0.01864      | 0.01802     | 0.02312        | 0.9451                 | 0.001681     | 790.96 | -230179.250586 |
| EOSUSDT       | 0.0005614     | 0.0009334   | 0.06836      | 87.87         | 0.01557      | 0.01453     | 0.04462        | 0.9468                 | 0.002094     | 790.96 | -230179.250561 |
| XLMUSDT       | 0.0005563     | 0.0009242   | 0.06105      | 93.98         | 0.01206      | 0.01151     | 0.05801        | 0.9766                 | 0.001365     | 790.96 | -230179.250556 |
| COTIUSDT      | 0.0005538     | 0.001015    | 0.03095      | 94.88         | 0.01673      | 0.01465     | 0.01639        | 0.9608                 | 0.001304     | 790.96 | -230179.250554 |
| ROSEUSDT      | 0.0005499     | 0.001056    | 0.04065      | 86.98         | 0.01296      | 0.0118      | 0.01286        | 0.9794                 | 0.001042     | 546.83 | -230179.25055  |
| FTMUSDT       | 0.0005474     | 0.001034    | 0.04121      | 84.15         | 0.01939      | 0.01584     | 0.01618        | 0.9779                 | 0.001149     | 790.96 | -230179.250547 |
| MKRUSDT       | 0.0005345     | 0.0007934   | 0.05204      | 86.05         | 0.01474      | 0.01388     | 0.02991        | 0.976                  | 0.001389     | 790.96 | -230179.250535 |
| MAGICUSDT     | 0.0005351     | 0.0007793   | 0.04393      | 93.68         | 0.01987      | 0.01879     | 0.09088        | 0.976                  | 0.002099     | 156.83 | -230179.250535 |
| MTLUSDT       | 0.000526      | 0.000549    | 0.02804      | 72.22         | 0.01993      | 0.01824     | 0.0505         | 0.9562                 | 0.001725     | 790.96 | -230179.250526 |
| XTZUSDT       | 0.0005207     | 0.001079    | 0.04508      | 63.67         | 0.01242      | 0.01202     | 0.05057        | 0.9727                 | 0.001334     | 790.96 | -230179.250521 |
| IOSTUSDT      | 0.0005068     | 0.000902    | 0.04583      | 88.42         | 0.01294      | 0.01477     | 0.03975        | 0.9559                 | 0.001874     | 790.96 | -230179.250507 |
| CTKUSDT       | 0.0004879     | 0.00127     | 0.04823      | 87.58         | 0.01363      | 0.01528     | 0.02315        | 0.9362                 | 0.002119     | 790.96 | -230179.250488 |
| API3USDT      | 0.000482      | 0.001181    | 0.04163      | 86.3          | 0.01299      | 0.0134      | 0.04294        | 0.971                  | 0.001561     | 493.83 | -230179.250482 |
| RENUSDT       | 0.000471      | 0.0005905   | 0.03301      | 93.45         | 0.01957      | 0.0174      | 0.04328        | 0.9696                 | 0.001339     | 790.96 | -230179.250471 |
| ATOMUSDT      | 0.000451      | 0.001054    | 0.04029      | 93.82         | 0.01327      | 0.01112     | 0.007549       | 0.9825                 | 0.000761     | 790.96 | -230179.250451 |
| TUSDT         | 0.0004497     | 0.0005612   | 0.04348      | 78.1          | 0.01429      | 0.01619     | 0.0826         | 0.9733                 | 0.002421     | 149.42 | -230179.25045  |
| PEOPLEUSDT    | 0.0004484     | 0.001144    | 0.02546      | 79.4          | 0.01415      | 0.01386     | 0.00883        | 0.9607                 | 0.001327     | 553.79 | -230179.250448 |
| SNXUSDT       | 0.0004453     | 0.0007574   | 0.03353      | 80.23         | 0.01995      | 0.01771     | 0.02545        | 0.9728                 | 0.001413     | 790.96 | -230179.250445 |
| NKNUSDT       | 0.0004245     | 0.000641    | 0.01914      | 83.58         | 0.01951      | 0.01601     | 0.0            | 0.9798                 | 0.0006183    | 790.96 | -230179.250425 |
| KNCUSDT       | 0.0004173     | 0.0007353   | 0.04531      | 88.35         | 0.01918      | 0.01908     | 0.0328         | 0.9621                 | 0.00214      | 790.96 | -230179.250417 |
| DARUSDT       | 0.0004132     | 0.0008833   | 0.0303       | 90.28         | 0.01351      | 0.01013     | 0.0            | 0.9885                 | 0.0005018    | 427.83 | -230179.250413 |
| APEUSDT       | 0.0003971     | 0.000861    | 0.04423      | 64.05         | 0.01621      | 0.01741     | 0.05742        | 0.962                  | 0.001975     | 470.33 | -230179.250397 |
| BALUSDT       | 0.0003831     | 0.0006519   | 0.04152      | 95.93         | 0.01963      | 0.01684     | 0.02041        | 0.9838                 | 0.0009627    | 790.96 | -230179.250383 |
| DOTUSDT       | 0.0003766     | 0.0008728   | 0.05952      | 95.82         | 0.01503      | 0.01451     | 0.04482        | 0.974                  | 0.001614     | 790.96 | -230179.250377 |
| BAKEUSDT      | 0.0003764     | 0.0007333   | 0.03204      | 78.97         | 0.01808      | 0.01431     | 0.01079        | 0.9847                 | 0.0007421    | 772.67 | -230179.250376 |
| DYDXUSDT      | 0.0003756     | 0.000908    | 0.03504      | 78.48         | 0.01824      | 0.01641     | 0.07943        | 0.9665                 | 0.001739     | 658.83 | -230179.250376 |
| IOTAUSDT      | 0.0003735     | 0.0005677   | 0.03244      | 93.03         | 0.01584      | 0.01231     | 0.08185        | 0.9843                 | 0.0006956    | 790.96 | -230179.250374 |
| OGNUSDT       | 0.0003538     | 0.0009144   | 0.0321       | 93.17         | 0.01808      | 0.01444     | 0.003104       | 0.9758                 | 0.000953     | 790.96 | -230179.250354 |
| ADAUSDT       | 0.0003526     | 0.0005622   | 0.03495      | 85.03         | 0.0138       | 0.01168     | 0.02672        | 0.9834                 | 0.0007616    | 790.96 | -230179.250353 |
| XMRUSDT       | 0.0003509     | 0.0006907   | 0.05695      | 86.45         | 0.0126       | 0.01301     | 0.07908        | 0.9713                 | 0.001808     | 790.96 | -230179.250351 |
| FILUSDT       | 0.0003476     | 0.0005144   | 0.03765      | 75.1          | 0.01542      | 0.01855     | 0.04226        | 0.9501                 | 0.002215     | 790.96 | -230179.250348 |
| C98USDT       | 0.0003249     | 0.0007896   | 0.03537      | 93.93         | 0.01732      | 0.01656     | 0.08995        | 0.967                  | 0.001345     | 675.83 | -230179.250325 |
| NEARUSDT      | 0.0003217     | 0.0007137   | 0.03664      | 84.43         | 0.01992      | 0.01755     | 0.02634        | 0.975                  | 0.001128     | 790.96 | -230179.250322 |
| ETCUSDT       | 0.0003161     | 0.0007935   | 0.01781      | 85.45         | 0.01058      | 0.009173    | 0.05707        | 0.9906                 | 0.0004031    | 790.96 | -230179.250316 |
| FXSUSDT       | 0.0003022     | 0.0004562   | 0.03749      | 53.93         | 0.01441      | 0.01566     | 0.08104        | 0.9778                 | 0.001775     | 161.83 | -230179.250302 |
| IMXUSDT       | 0.0002884     | 0.0004987   | 0.0235       | 80.45         | 0.01964      | 0.01579     | 0.01127        | 0.9768                 | 0.0009389    | 504.83 | -230179.250288 |
| 1000XECUSDT   | 0.0002873     | 0.000534    | 0.022        | 94.77         | 0.01355      | 0.01627     | 0.01004        | 0.9282                 | 0.002317     | 651.83 | -230179.250287 |
| ARBUSDT       | 0.000275      | 0.0003606   | 0.05328      | 86.47         | 0.01826      | 0.01606     | 0.02552        | 0.9901                 | 0.001111     | 99.33  | -230179.250275 |
| DENTUSDT      | 0.0002708     | 0.000484    | 0.03351      | 93.57         | 0.01881      | 0.01912     | 0.04672        | 0.9633                 | 0.002138     | 790.96 | -230179.250271 |
| MATICUSDT     | 0.0002421     | 0.0004772   | 0.02666      | 95.62         | 0.01747      | 0.01443     | 0.01003        | 0.9839                 | 0.0008463    | 790.96 | -230179.250242 |
| ZILUSDT       | 0.000241      | 0.0005266   | 0.02819      | 84.07         | 0.0169       | 0.01271     | 0.03738        | 0.9767                 | 0.000752     | 790.96 | -230179.250241 |
| VETUSDT       | 0.0002349     | 0.0004164   | 0.02913      | 85.5          | 0.01704      | 0.01379     | 0.01945        | 0.9824                 | 0.000792     | 790.96 | -230179.250235 |
| BATUSDT       | 0.0002292     | 0.0004006   | 0.02348      | 89.5          | 0.01883      | 0.01431     | 0.00261        | 0.9894                 | 0.0004567    | 790.96 | -230179.250229 |
| USDCUSDT      | 1.523e-06     | 5.44e-07    | 9.1e-05      | 8.9           | 0.001472     | 0.0006643   | 0.0            | 1.0                    | 4.479e-07    | 110.25 | -230179.250002 |
| QNTUSDT       | 0.0004964     | 0.001024    | 0.08466      | 92.42         | 0.0163       | 0.01553     | 0.04039        | 0.9906                 | 0.001162     | 253.88 | -230179.153919 |
| LINAUSDT      | 0.0008486     | 0.0005407   | 0.03017      | 80.23         | 0.02035      | 0.0178      | 0.07818        | 0.9657                 | 0.001564     | 790.96 | -230178.897039 |
| BELUSDT       | 0.0003622     | 0.0004644   | 0.03151      | 87.43         | 0.02047      | 0.0199      | 0.06304        | 0.9306                 | 0.002595     | 790.96 | -230178.776598 |
| ALPHAUSDT     | 0.0002333     | 0.0002695   | 0.0205       | 89.72         | 0.02056      | 0.0172      | 0.03498        | 0.9673                 | 0.001196     | 790.96 | -230178.686637 |
| AUDIOUSDT     | 0.0001547     | 0.0002788   | 0.02024      | 90.63         | 0.02074      | 0.01912     | 0.00443        | 0.967                  | 0.001125     | 680.83 | -230178.513348 |
| RSRUSDT       | 0.0004095     | 0.000659    | 0.03382      | 82.82         | 0.02185      | 0.01785     | 0.09644        | 0.9737                 | 0.0009444    | 790.96 | -230177.403278 |
| STXUSDT       | 0.0005541     | 0.0005693   | 0.02566      | 70.48         | 0.02224      | 0.01816     | 0.0            | 0.9961                 | 0.0004562    | 129.38 | -230177.006053 |
| UNIUSDT       | 0.0001463     | 0.000403    | 0.05206      | 95.45         | 0.02306      | 0.0174      | 0.0723         | 0.9781                 | 0.001286     | 790.96 | -230176.188623 |
| LRCUSDT       | 0.0002615     | 0.000467    | 0.03523      | 83.03         | 0.02155      | 0.02035     | 0.0795         | 0.9527                 | 0.002072     | 790.96 | -230174.202867 |
| ARUSDT        | 0.0001874     | 0.0004201   | 0.03125      | 87.03         | 0.02579      | 0.0223      | 0.05182        | 0.9693                 | 0.001635     | 640.83 | -230150.465884 |
| CFXUSDT       | 0.0006092     | 0.0007471   | 0.03047      | 60.5          | 0.02389      | 0.02429     | 0.0            | 0.9897                 | 0.0009987    | 130.38 | -230132.48032  |
| SANDUSDT      | 0.0001803     | 0.0004399   | 0.02024      | 96.98         | 0.02151      | 0.01851     | 0.0241         | 0.967                  | 0.0009581    | 790.96 | -230079.402247 |
| BANDUSDT      | 0.0001821     | 0.0002871   | 0.02196      | 98.55         | 0.02362      | 0.0177      | 0.0            | 0.9941                 | 0.0003968    | 790.96 | -229920.628414 |
| GTCUSDT       | 0.0002042     | 0.0004668   | 0.02428      | 101.7         | 0.02323      | 0.02127     | 0.03295        | 0.9601                 | 0.001505     | 749.83 | -229590.000497 |
| LPTUSDT       | 0.0004816     | 0.0007771   | 0.04909      | 103.3         | 0.01882      | 0.02098     | 0.04454        | 0.9495                 | 0.002548     | 596.83 | -229439.412901 |
| DUSKUSDT      | 0.0003588     | 0.0006138   | 0.02467      | 105.8         | 0.01614      | 0.01283     | 0.01343        | 0.9771                 | 0.0009814    | 539.83 | -229195.917025 |
| ANTUSDT       | 0.0001404     | 0.0002699   | 0.01885      | 106.2         | 0.02723      | 0.02242     | 0.03377        | 0.9689                 | 0.001141     | 550.79 | -229124.508251 |
| ARPAUSDT      | 0.0003779     | 0.0003472   | 0.02435      | 106.4         | 0.03372      | 0.03152     | 0.01937        | 0.974                  | 0.001665     | 619.83 | -229006.973052 |
| STGUSDT       | 0.0003447     | 0.0006382   | 0.0183       | 111.2         | 0.01065      | 0.01045     | 0.04945        | 0.982                  | 0.000737     | 309.46 | -228659.250345 |
| KLAYUSDT      | 0.0001065     | 0.0001375   | 0.01986      | 116.0         | 0.02076      | 0.01703     | 0.01022        | 0.9908                 | 0.0004716    | 626.83 | -228175.156153 |
| CTSIUSDT      | 0.0002771     | 0.0002909   | 0.02358      | 116.7         | 0.02236      | 0.01982     | 0.004489       | 0.9852                 | 0.0007738    | 612.83 | -228108.555098 |
| TRXUSDT       | 0.0001316     | 0.0002504   | 0.0424       | 118.9         | 0.01355      | 0.01288     | 0.03368        | 0.9819                 | 0.001049     | 790.96 | -227890.916798 |
| MANAUSDT      | 0.0005516     | 0.001149    | 0.06761      | 98.35         | 0.01659      | 0.01284     | 0.1261         | 0.9491                 | 0.001906     | 790.96 | -227334.144186 |
| CVXUSDT       | 0.0001815     | 0.0008841   | 0.08401      | 113.1         | 0.01632      | 0.01407     | 0.1114         | 0.9824                 | 0.001558     | 281.46 | -227329.591954 |
| RUNEUSDT      | 0.0001263     | 0.0004009   | 0.04515      | 123.7         | 0.03264      | 0.02857     | 0.03637        | 0.9632                 | 0.002212     | 790.96 | -227307.625276 |
| APTUSDT       | 0.0002489     | 0.00036     | 0.03693      | 129.7         | 0.02539      | 0.02499     | 0.03324        | 0.9801                 | 0.001506     | 254.88 | -226758.992906 |
| KSMUSDT       | 9.82e-05      | 0.0004037   | 0.04908      | 132.3         | 0.04073      | 0.0294      | 0.08616        | 0.9608                 | 0.002261     | 790.96 | -226429.512893 |
| RVNUSDT       | 0.0001785     | 0.0002983   | 0.03273      | 135.8         | 0.02285      | 0.02058     | 0.113          | 0.9669                 | 0.001819     | 790.96 | -224888.712564 |
| IOTXUSDT      | 0.0003563     | 0.0006451   | 0.05996      | 137.5         | 0.02064      | 0.02088     | 0.1348         | 0.9016                 | 0.003925     | 687.83 | -222537.695301 |
| AAVEUSDT      | 0.0002798     | 0.001014    | 0.1256       | 181.6         | 0.03229      | 0.02749     | 0.1292         | 0.9579                 | 0.003794     | 790.96 | -218614.919002 |
| SXPUSDT       | 0.0001639     | 0.0005943   | 0.07207      | 119.2         | 0.02576      | 0.02093     | 0.1946         | 0.9741                 | 0.001672     | 790.96 | -218382.365511 |
| EGLDUSDT      | 0.0005185     | 0.001041    | 0.1067       | 272.2         | 0.03155      | 0.03088     | 0.07415        | 0.932                  | 0.004126     | 790.96 | -212440.240238 |
| YFIUSDT       | 0.0009936     | 0.002219    | 0.1727       | 99.38         | 0.02217      | 0.02598     | 0.3078         | 0.922                  | 0.005696     | 790.96 | -208998.145651 |
| OPUSDT        | 0.0002251     | 0.000368    | 0.04015      | 317.1         | 0.02896      | 0.02726     | 0.06129        | 0.9733                 | 0.001674     | 394.38 | -207982.726559 |
| AVAXUSDT      | 0.0009354     | 0.001403    | 0.1949       | 171.0         | 0.03362      | 0.03076     | 0.3922         | 0.9578                 | 0.004539     | 790.96 | -193335.186392 |
| MASKUSDT      | 0.000164      | 0.0002181   | 0.04726      | 144.9         | 0.03362      | 0.0476      | 0.4783         | 0.8605                 | 0.007815     | 672.83 | -187175.335903 |
| AXSUSDT       | 0.0005546     | 0.00108     | 0.127        | 169.3         | 0.02854      | 0.03246     | 0.5348         | 0.9053                 | 0.005048     | 790.96 | -179236.855104 |
| SOLUSDT       | 0.001498      | 0.002044    | 0.2654       | 201.0         | 0.03482      | 0.03607     | 0.5484         | 0.9138                 | 0.006669     | 790.96 | -174666.67659  |
| WAVESUSDT     | -0.001472     | 0.000507    | 0.2355       | 121.8         | 0.02041      | 0.02041     | 0.8919         | 0.9279                 | 0.003716     | 790.96 | -148406.161371 |
| GALAUSDT      | 0.0008346     | -0.002083   | 0.2576       | 154.5         | 0.01607      | 0.01325     | 1.132          | 0.9819                 | 0.001896     | 650.83 | -121143.871539 |
| UNFIUSDT      | -2.401e-05    | -0.003597   | 0.3094       | 166.3         | 0.01803      | 0.01451     | 1.144          | 0.9703                 | 0.002159     | 790.96 | -118727.638311 |
| GMTUSDT       | -0.0001289    | -0.002151   | 0.2655       | 242.0         | 0.01688      | 0.01403     | 1.138          | 0.9806                 | 0.002089     | 472.79 | -111758.65741  |
+---------------+---------------+-------------+--------------+---------------+--------------+-------------+----------------+------------------------+--------------+--------+----------------+

