+-------------------------------------------------------------------------------------------------------------------------------------------------------------------------+
|                                                                                   long                                                                                  |
+-----------+---------------+-------------+---------------+--------------+-------------+----------------+------------------------+--------------+--------+----------------+
| symbol    | adg_w_per_exp | adg_per_exp | hrs_stuck_max | pa_dist_mean | pa_dist_std | loss_profit_rt | eqbal_rt_10_worst_mean | eqbal_rt_std | n_days | score          |
+-----------+---------------+-------------+---------------+--------------+-------------+----------------+------------------------+--------------+--------+----------------+
| MANAUSDT  | 0.003349      | 0.003349    | 72.66         | 0.006669     | 0.009857    | 0.1924         | 0.9487                 | 0.002414     | 734.96 | -41529.0033486 |
| DOGEUSDT  | 0.003092      | 0.003092    | 72.31         | 0.005232     | 0.009868    | 0.1288         | 0.942                  | 0.002575     | 734.96 | -41529.0030915 |
| HBARUSDT  | 0.002617      | 0.002617    | 88.02         | 0.007399     | 0.008968    | 0.1896         | 0.9614                 | 0.002248     | 734.96 | -41529.0026166 |
| ANKRUSDT  | 0.002587      | 0.002587    | 54.22         | 0.008395     | 0.00978     | 0.1039         | 0.9522                 | 0.002391     | 734.96 | -41529.0025871 |
| THETAUSDT | 0.00245       | 0.00245     | 90.88         | 0.008587     | 0.008721    | 0.0596         | 0.9675                 | 0.001753     | 734.96 | -41529.0024504 |
| SUSHIUSDT | 0.002315      | 0.002315    | 72.13         | 0.008506     | 0.009886    | 0.001363       | 0.9605                 | 0.001414     | 734.96 | -41529.0023152 |
| SNXUSDT   | 0.002213      | 0.002213    | 72.22         | 0.008654     | 0.009497    | 0.1157         | 0.953                  | 0.002167     | 734.96 | -41529.0022129 |
| RUNEUSDT  | 0.002202      | 0.002202    | 84.92         | 0.009649     | 0.008575    | 0.003995       | 0.9587                 | 0.001456     | 734.96 | -41529.0022023 |
| ENJUSDT   | 0.002182      | 0.002182    | 72.57         | 0.006208     | 0.006501    | 0.06686        | 0.9669                 | 0.001457     | 734.96 | -41529.0021815 |
| CHZUSDT   | 0.002144      | 0.002144    | 75.5          | 0.008329     | 0.008772    | 0.07445        | 0.9595                 | 0.001486     | 734.96 | -41529.0021442 |
| VETUSDT   | 0.002068      | 0.002068    | 84.53         | 0.007625     | 0.008128    | 0.03066        | 0.9611                 | 0.001685     | 734.96 | -41529.0020678 |
| NEARUSDT  | 0.001712      | 0.001712    | 88.07         | 0.009994     | 0.007587    | 0.003238       | 0.9797                 | 0.0006944    | 734.96 | -41529.0017118 |
| GRTUSDT   | 0.001604      | 0.001604    | 84.57         | 0.008452     | 0.008427    | 0.02698        | 0.9704                 | 0.001369     | 734.96 | -41529.0016037 |
| ALGOUSDT  | 0.001601      | 0.001601    | 72.15         | 0.008509     | 0.006976    | 0.04882        | 0.9779                 | 0.0007219    | 734.96 | -41529.0016007 |
| ZILUSDT   | 0.001573      | 0.001573    | 87.54         | 0.009383     | 0.009273    | 0.04347        | 0.9591                 | 0.001977     | 734.96 | -41529.0015729 |
| XTZUSDT   | 0.001466      | 0.001466    | 73.22         | 0.008399     | 0.008567    | 0.1108         | 0.9617                 | 0.001783     | 734.96 | -41529.0014658 |
+-----------+---------------+-------------+---------------+--------------+-------------+----------------+------------------------+--------------+--------+----------------+

+------------------------------------------------------------------------------------------------------------------------------------------------------------------+
|                                                                              short                                                                               |
+-----------+---------------+-------------+---------------+--------------+-------------+----------------+------------------------+--------------+--------+---------+
| symbol    | adg_w_per_exp | adg_per_exp | hrs_stuck_max | pa_dist_mean | pa_dist_std | loss_profit_rt | eqbal_rt_10_worst_mean | eqbal_rt_std | n_days | score   |
+-----------+---------------+-------------+---------------+--------------+-------------+----------------+------------------------+--------------+--------+---------+
| SUSHIUSDT | 0.0           | 0.0         | 0.0           | 100.0        | 0.0         | 1.0            | 1.0                    | 0.0          | 734.96 | -4030.0 |
| RUNEUSDT  | 0.0           | 0.0         | 0.0           | 100.0        | 0.0         | 1.0            | 1.0                    | 0.0          | 734.96 | -4030.0 |
| NEARUSDT  | 0.0           | 0.0         | 0.0           | 100.0        | 0.0         | 1.0            | 1.0                    | 0.0          | 734.96 | -4030.0 |
| HBARUSDT  | 0.0           | 0.0         | 0.0           | 100.0        | 0.0         | 1.0            | 1.0                    | 0.0          | 734.96 | -4030.0 |
| ALGOUSDT  | 0.0           | 0.0         | 0.0           | 100.0        | 0.0         | 1.0            | 1.0                    | 0.0          | 734.96 | -4030.0 |
| ANKRUSDT  | 0.0           | 0.0         | 0.0           | 100.0        | 0.0         | 1.0            | 1.0                    | 0.0          | 734.96 | -4030.0 |
| SNXUSDT   | 0.0           | 0.0         | 0.0           | 100.0        | 0.0         | 1.0            | 1.0                    | 0.0          | 734.96 | -4030.0 |
| MANAUSDT  | 0.0           | 0.0         | 0.0           | 100.0        | 0.0         | 1.0            | 1.0                    | 0.0          | 734.96 | -4030.0 |
| XTZUSDT   | 0.0           | 0.0         | 0.0           | 100.0        | 0.0         | 1.0            | 1.0                    | 0.0          | 734.96 | -4030.0 |
| GRTUSDT   | 0.0           | 0.0         | 0.0           | 100.0        | 0.0         | 1.0            | 1.0                    | 0.0          | 734.96 | -4030.0 |
| CHZUSDT   | 0.0           | 0.0         | 0.0           | 100.0        | 0.0         | 1.0            | 1.0                    | 0.0          | 734.96 | -4030.0 |
| ENJUSDT   | 0.0           | 0.0         | 0.0           | 100.0        | 0.0         | 1.0            | 1.0                    | 0.0          | 734.96 | -4030.0 |
| THETAUSDT | 0.0           | 0.0         | 0.0           | 100.0        | 0.0         | 1.0            | 1.0                    | 0.0          | 734.96 | -4030.0 |
| DOGEUSDT  | 0.0           | 0.0         | 0.0           | 100.0        | 0.0         | 1.0            | 1.0                    | 0.0          | 734.96 | -4030.0 |
| VETUSDT   | 0.0           | 0.0         | 0.0           | 100.0        | 0.0         | 1.0            | 1.0                    | 0.0          | 734.96 | -4030.0 |
| ZILUSDT   | 0.0           | 0.0         | 0.0           | 100.0        | 0.0         | 1.0            | 1.0                    | 0.0          | 734.96 | -4030.0 |
+-----------+---------------+-------------+---------------+--------------+-------------+----------------+------------------------+--------------+--------+---------+

