+--------------------------------------------------------------------------------------------------------------------------------------------------------------------------------------------+
|                                                                                            long                                                                                            |
+---------------+---------------+-------------+--------------+---------------+--------------+-------------+----------------+------------------------+--------------+--------+----------------+
| symbol        | adg_w_per_exp | adg_per_exp | exp_rts_mean | hrs_stuck_max | pa_dist_mean | pa_dist_std | loss_profit_rt | eqbal_rt_10_worst_mean | eqbal_rt_std | n_days | score          |
+---------------+---------------+-------------+--------------+---------------+--------------+-------------+----------------+------------------------+--------------+--------+----------------+
| EDUUSDT       | 0.002588      | 0.002941    | 0.05984      | 32.72         | 0.01075      | 0.009066    | 0.0006807      | 0.9853                 | 0.001761     | 59.5   | -480179.302588 |
| RNDRUSDT      | 0.002587      | 0.002529    | 0.04901      | 55.1          | 0.01065      | 0.01091     | 0.01141        | 0.9545                 | 0.003884     | 145.89 | -480179.302587 |
| TOMOUSDT      | 0.001844      | 0.002078    | 0.06658      | 51.68         | 0.01392      | 0.01551     | 0.04263        | 0.9037                 | 0.005873     | 905.0  | -480179.301844 |
| ATOMUSDT      | 0.001739      | 0.002465    | 0.06945      | 66.85         | 0.01017      | 0.01422     | 0.02287        | 0.8847                 | 0.005218     | 905.0  | -480179.301739 |
| FETUSDT       | 0.001698      | 0.002158    | 0.04248      | 25.93         | 0.007932     | 0.006786    | 0.0321         | 0.9746                 | 0.001859     | 162.89 | -480179.301698 |
| XRPUSDT       | 0.001691      | 0.003259    | 0.06549      | 48.05         | 0.00697      | 0.009701    | 0.01579        | 0.9029                 | 0.003962     | 905.0  | -480179.301691 |
| NKNUSDT       | 0.001663      | 0.001978    | 0.06178      | 37.82         | 0.01443      | 0.01792     | 0.06157        | 0.8717                 | 0.006926     | 810.71 | -480179.301663 |
| HOTUSDT       | 0.001644      | 0.002383    | 0.06878      | 65.1          | 0.009733     | 0.01218     | 0.004689       | 0.8994                 | 0.004398     | 820.71 | -480179.301644 |
| LRCUSDT       | 0.00164       | 0.002341    | 0.06982      | 73.92         | 0.01033      | 0.01693     | 0.005254       | 0.8812                 | 0.007        | 905.0  | -480179.30164  |
| LQTYUSDT      | 0.001639      | 0.002211    | 0.06522      | 40.58         | 0.01199      | 0.01136     | 0.01226        | 0.9687                 | 0.002882     | 110.5  | -480179.301639 |
| DOGEUSDT      | 0.001628      | 0.002941    | 0.06533      | 40.42         | 0.009836     | 0.01361     | 0.07262        | 0.8507                 | 0.005609     | 905.0  | -480179.301628 |
| ALICEUSDT     | 0.001622      | 0.002111    | 0.06992      | 36.13         | 0.0112       | 0.01644     | 0.009945       | 0.8875                 | 0.006457     | 834.87 | -480179.301622 |
| 1000PEPEUSDT  | 0.001584      | 0.003836    | 0.05197      | 54.35         | 0.01468      | 0.0113      | 0.001189       | 0.985                  | 0.001657     | 54.31  | -480179.301584 |
| RUNEUSDT      | 0.001532      | 0.002017    | 0.05676      | 56.35         | 0.01134      | 0.0137      | 0.01179        | 0.9164                 | 0.004931     | 905.0  | -480179.301532 |
| TUSDT         | 0.001518      | 0.001597    | 0.05744      | 49.25         | 0.007876     | 0.006574    | 0.002586       | 0.9821                 | 0.001401     | 147.46 | -480179.301518 |
| RLCUSDT       | 0.001515      | 0.002397    | 0.06154      | 49.62         | 0.01117      | 0.01859     | 0.02335        | 0.8714                 | 0.007462     | 905.0  | -480179.301515 |
| CELRUSDT      | 0.001491      | 0.002222    | 0.06854      | 64.52         | 0.01407      | 0.01435     | 0.02541        | 0.9233                 | 0.005638     | 821.71 | -480179.301491 |
| SUSHIUSDT     | 0.001443      | 0.002345    | 0.06679      | 47.53         | 0.01118      | 0.01607     | 0.02205        | 0.8569                 | 0.005937     | 905.0  | -480179.301443 |
| OCEANUSDT     | 0.001435      | 0.001724    | 0.0581       | 27.98         | 0.0163       | 0.01608     | 0.03485        | 0.9058                 | 0.00378      | 905.0  | -480179.301435 |
| NEOUSDT       | 0.001426      | 0.00185     | 0.06947      | 58.08         | 0.01191      | 0.01574     | 0.01622        | 0.9024                 | 0.006058     | 905.0  | -480179.301426 |
| INJUSDT       | 0.001426      | 0.001568    | 0.03872      | 49.2          | 0.01067      | 0.008987    | 0.004455       | 0.9772                 | 0.001478     | 315.88 | -480179.301426 |
| GRTUSDT       | 0.001409      | 0.002441    | 0.06841      | 59.5          | 0.01174      | 0.01934     | 0.03992        | 0.8389                 | 0.007433     | 905.0  | -480179.301409 |
| DOTUSDT       | 0.001403      | 0.002107    | 0.06676      | 92.48         | 0.009543     | 0.01447     | 0.02532        | 0.8829                 | 0.005352     | 905.0  | -480179.301403 |
| DENTUSDT      | 0.001402      | 0.002388    | 0.05816      | 62.37         | 0.01254      | 0.01707     | 0.0143         | 0.8635                 | 0.00525      | 826.83 | -480179.301402 |
| SSVUSDT       | 0.001391      | 0.001406    | 0.06256      | 21.13         | 0.01961      | 0.01561     | 0.05537        | 0.9696                 | 0.003174     | 124.5  | -480179.301391 |
| LINAUSDT      | 0.001386      | 0.001497    | 0.06512      | 58.63         | 0.01606      | 0.01743     | 0.02289        | 0.91                   | 0.006687     | 831.71 | -480179.301386 |
| 1000LUNCUSDT  | 0.001382      | 0.001931    | 0.04662      | 43.3          | 0.009038     | 0.01045     | 0.08681        | 0.9304                 | 0.004456     | 292.46 | -480179.301382 |
| MTLUSDT       | 0.001381      | 0.001295    | 0.06246      | 46.7          | 0.016        | 0.01771     | 0.02728        | 0.9198                 | 0.004788     | 819.71 | -480179.301381 |
| BELUSDT       | 0.001381      | 0.001932    | 0.0666       | 40.28         | 0.01426      | 0.01402     | 0.03962        | 0.8994                 | 0.005664     | 905.0  | -480179.301381 |
| VETUSDT       | 0.00138       | 0.002389    | 0.06343      | 59.45         | 0.009121     | 0.0115      | 0.01273        | 0.8995                 | 0.004442     | 905.0  | -480179.30138  |
| SFPUSDT       | 0.001368      | 0.00154     | 0.06989      | 55.9          | 0.01572      | 0.01669     | 0.01256        | 0.8769                 | 0.005624     | 854.71 | -480179.301368 |
| RDNTUSDT      | 0.001354      | 0.001378    | 0.0644       | 24.33         | 0.01575      | 0.01482     | 0.02792        | 0.9849                 | 0.001856     | 84.5   | -480179.301354 |
| IDUSDT        | 0.001346      | 0.001211    | 0.04321      | 64.97         | 0.01378      | 0.01224     | 0.008945       | 0.9694                 | 0.002314     | 97.39  | -480179.301346 |
| STXUSDT       | 0.001337      | 0.001895    | 0.06707      | 65.88         | 0.01215      | 0.009667    | 0.007036       | 0.9785                 | 0.002333     | 127.39 | -480179.301337 |
| 1000FLOKIUSDT | 0.001336      | 0.001964    | 0.04335      | 20.25         | 0.01071      | 0.009904    | 0.02417        | 0.9754                 | 0.002483     | 53.31  | -480179.301336 |
| BLURUSDT      | 0.001332      | 0.00186     | 0.06027      | 41.35         | 0.009663     | 0.008335    | 0.001765       | 0.9907                 | 0.001128     | 61.5   | -480179.301332 |
| OMGUSDT       | 0.001319      | 0.001506    | 0.06759      | 42.55         | 0.01327      | 0.01671     | 0.05341        | 0.9159                 | 0.006702     | 905.0  | -480179.301319 |
| LITUSDT       | 0.001269      | 0.001282    | 0.04915      | 45.2          | 0.01837      | 0.01752     | 0.02558        | 0.9481                 | 0.003171     | 860.71 | -480179.301269 |
| RADUSDT       | 0.001259      | 0.001221    | 0.05549      | 28.38         | 0.01347      | 0.01317     | 0.01341        | 0.9665                 | 0.00368      | 49.5   | -480179.301259 |
| TRBUSDT       | 0.001253      | 0.001583    | 0.06111      | 86.23         | 0.01986      | 0.01913     | 0.06342        | 0.8889                 | 0.005464     | 905.0  | -480179.301253 |
| KAVAUSDT      | 0.001241      | 0.00165     | 0.0415       | 74.82         | 0.01442      | 0.01235     | 0.09348        | 0.9609                 | 0.002036     | 905.0  | -480179.301241 |
| HIGHUSDT      | 0.001236      | 0.001391    | 0.05645      | 32.43         | 0.01513      | 0.01494     | 0.01643        | 0.9472                 | 0.005897     | 141.89 | -480179.301236 |
| SPELLUSDT     | 0.001234      | 0.0006898   | 0.05478      | 41.2          | 0.01467      | 0.01295     | 0.0722         | 0.9716                 | 0.002067     | 295.5  | -480179.301234 |
| COMBOUSDT     | 0.001229      | 0.002311    | 0.05477      | 15.97         | 0.01693      | 0.01552     | 0.02768        | 0.9873                 | 0.002113     | 26.5   | -480179.301229 |
| IDEXUSDT      | 0.001225      | 0.001893    | 0.06896      | 34.5          | 0.01296      | 0.01026     | 0.01104        | 0.9827                 | 0.002009     | 56.5   | -480179.301225 |
| BANDUSDT      | 0.001216      | 0.001645    | 0.06668      | 52.8          | 0.01394      | 0.01587     | 0.01717        | 0.8789                 | 0.006005     | 905.0  | -480179.301216 |
| MKRUSDT       | 0.001215      | 0.001983    | 0.06514      | 75.87         | 0.0112       | 0.01364     | 0.04885        | 0.8976                 | 0.005533     | 905.0  | -480179.301215 |
| CHZUSDT       | 0.001196      | 0.002099    | 0.06532      | 46.6          | 0.01086      | 0.01838     | 0.03239        | 0.8605                 | 0.006925     | 888.71 | -480179.301196 |
| LDOUSDT       | 0.001191      | 0.001097    | 0.06931      | 56.97         | 0.01935      | 0.01637     | 0.06446        | 0.9348                 | 0.004295     | 279.5  | -480179.301191 |
| QNTUSDT       | 0.001189      | 0.001131    | 0.05676      | 49.73         | 0.01247      | 0.01216     | 0.05606        | 0.9739                 | 0.001735     | 251.89 | -480179.301189 |
| TLMUSDT       | 0.00118       | 0.001005    | 0.04702      | 23.93         | 0.007682     | 0.006575    | 0.01052        | 0.9864                 | 0.001231     | 90.48  | -480179.30118  |
| HOOKUSDT      | 0.001179      | 0.001434    | 0.063        | 43.17         | 0.01393      | 0.01155     | 0.01812        | 0.9581                 | 0.004213     | 156.87 | -480179.301179 |
| CKBUSDT       | 0.00117       | 0.001598    | 0.05621      | 41.38         | 0.01015      | 0.01013     | 0.02388        | 0.964                  | 0.003493     | 120.5  | -480179.30117  |
| HBARUSDT      | 0.001169      | 0.00186     | 0.06905      | 52.13         | 0.01082      | 0.01219     | 0.0175         | 0.9028                 | 0.004961     | 833.71 | -480179.301169 |
| COTIUSDT      | 0.001166      | 0.002258    | 0.06908      | 25.55         | 0.01175      | 0.01551     | 0.09828        | 0.8695                 | 0.007141     | 840.71 | -480179.301166 |
| KEYUSDT       | 0.001164      | 0.001199    | 0.04326      | 30.65         | 0.009849     | 0.009182    | 0.0            | 0.9758                 | 0.002941     | 35.5   | -480179.301164 |
| CFXUSDT       | 0.001151      | 0.0015      | 0.06777      | 42.8          | 0.0156       | 0.01391     | 0.0242         | 0.9545                 | 0.004979     | 128.39 | -480179.301151 |
| IOSTUSDT      | 0.001146      | 0.001469    | 0.06503      | 48.72         | 0.01418      | 0.01279     | 0.01456        | 0.949                  | 0.003019     | 905.0  | -480179.301146 |
| EOSUSDT       | 0.00114       | 0.001265    | 0.06443      | 41.28         | 0.01143      | 0.009518    | 0.01133        | 0.9553                 | 0.002262     | 905.0  | -480179.30114  |
| FILUSDT       | 0.001138      | 0.001051    | 0.06868      | 59.05         | 0.01794      | 0.01628     | 0.06303        | 0.9166                 | 0.005326     | 905.0  | -480179.301138 |
| OPUSDT        | 0.001136      | 0.001804    | 0.06819      | 58.67         | 0.01154      | 0.01294     | 0.03977        | 0.9415                 | 0.005505     | 392.41 | -480179.301136 |
| COMPUSDT      | 0.001123      | 0.001649    | 0.06934      | 59.95         | 0.01285      | 0.01902     | 0.02068        | 0.8927                 | 0.008189     | 905.0  | -480179.301123 |
| DASHUSDT      | 0.00112       | 0.001208    | 0.06684      | 33.82         | 0.01772      | 0.01537     | 0.06043        | 0.9107                 | 0.004603     | 905.0  | -480179.30112  |
| ANKRUSDT      | 0.001115      | 0.001676    | 0.06031      | 59.97         | 0.01041      | 0.0114      | 0.04319        | 0.9227                 | 0.004391     | 883.71 | -480179.301115 |
| OGNUSDT       | 0.001111      | 0.001323    | 0.06293      | 52.17         | 0.01986      | 0.01973     | 0.06785        | 0.8863                 | 0.005259     | 818.71 | -480179.301111 |
| LINKUSDT      | 0.00111       | 0.001627    | 0.06817      | 50.33         | 0.01206      | 0.01673     | 0.03932        | 0.9012                 | 0.00696      | 905.0  | -480179.30111  |
| UMAUSDT       | 0.00111       | 0.001811    | 0.06071      | 39.58         | 0.009567     | 0.008472    | 0.01349        | 0.9923                 | 0.001007     | 49.48  | -480179.30111  |
| ARBUSDT       | 0.001102      | 0.001666    | 0.05806      | 46.42         | 0.0104       | 0.01011     | 0.01563        | 0.9814                 | 0.001872     | 97.37  | -480179.301102 |
| CTKUSDT       | 0.00109       | 0.001836    | 0.06808      | 62.53         | 0.01085      | 0.01213     | 0.01091        | 0.8974                 | 0.004607     | 905.0  | -480179.30109  |
| ONTUSDT       | 0.001083      | 0.001009    | 0.06495      | 45.57         | 0.01884      | 0.01585     | 0.06141        | 0.9198                 | 0.004949     | 905.0  | -480179.301083 |
| ICPUSDT       | 0.001077      | 0.0008785   | 0.05914      | 30.45         | 0.01086      | 0.009944    | 0.09276        | 0.9593                 | 0.003156     | 274.89 | -480179.301077 |
| ZENUSDT       | 0.001076      | 0.001553    | 0.06913      | 49.6          | 0.0157       | 0.01798     | 0.02554        | 0.8777                 | 0.006614     | 905.0  | -480179.301076 |
| ZECUSDT       | 0.001069      | 0.001647    | 0.06854      | 79.9          | 0.01248      | 0.01262     | 0.0164         | 0.9053                 | 0.003919     | 905.0  | -480179.301069 |
| ENJUSDT       | 0.001069      | 0.001043    | 0.06031      | 57.28         | 0.01773      | 0.01911     | 0.02517        | 0.8779                 | 0.005615     | 905.0  | -480179.301069 |
| BNXUSDT       | 0.001066      | 0.001539    | 0.05942      | 40.9          | 0.01315      | 0.0123      | 0.0082         | 0.9805                 | 0.001574     | 126.38 | -480179.301066 |
| THETAUSDT     | 0.001064      | 0.001884    | 0.06561      | 53.4          | 0.01071      | 0.01726     | 0.03728        | 0.8733                 | 0.007245     | 905.0  | -480179.301064 |
| DGBUSDT       | 0.001054      | 0.001962    | 0.06894      | 41.88         | 0.01295      | 0.01801     | 0.02517        | 0.8641                 | 0.007225     | 798.85 | -480179.301054 |
| AGIXUSDT      | 0.001048      | 0.001488    | 0.06709      | 31.85         | 0.01204      | 0.01057     | 0.06268        | 0.9646                 | 0.003604     | 132.4  | -480179.301048 |
| ICXUSDT       | 0.00104       | 0.001388    | 0.06981      | 50.1          | 0.01302      | 0.01787     | 0.03547        | 0.8847                 | 0.007516     | 905.0  | -480179.30104  |
| UNIUSDT       | 0.001035      | 0.001541    | 0.06996      | 50.32         | 0.01309      | 0.01781     | 0.02262        | 0.8918                 | 0.006898     | 905.0  | -480179.301035 |
| NEARUSDT      | 0.001031      | 0.001738    | 0.06022      | 46.92         | 0.01266      | 0.01922     | 0.02012        | 0.8788                 | 0.007905     | 905.0  | -480179.301031 |
| IMXUSDT       | 0.001028      | 0.001657    | 0.05531      | 41.4          | 0.01003      | 0.01021     | 0.0246         | 0.9408                 | 0.003654     | 502.85 | -480179.301028 |
| MANAUSDT      | 0.001022      | 0.001751    | 0.06161      | 51.63         | 0.009352     | 0.014       | 0.02937        | 0.8948                 | 0.0057       | 835.71 | -480179.301022 |
| WAVESUSDT     | 0.001012      | 0.001476    | 0.05946      | 48.4          | 0.01088      | 0.01942     | 0.04549        | 0.856                  | 0.007296     | 905.0  | -480179.301012 |
| PHBUSDT       | 0.001002      | 0.001312    | 0.06541      | 38.63         | 0.01196      | 0.009845    | 0.07301        | 0.9769                 | 0.002334     | 132.39 | -480179.301002 |
| FTMUSDT       | 0.0009876     | 0.001725    | 0.06856      | 59.67         | 0.01595      | 0.01916     | 0.02558        | 0.8855                 | 0.00809      | 905.0  | -480179.300988 |
| XLMUSDT       | 0.0009788     | 0.0009077   | 0.06255      | 52.12         | 0.0121       | 0.01344     | 0.04401        | 0.9385                 | 0.002309     | 905.0  | -480179.300979 |
| SKLUSDT       | 0.0009776     | 0.001547    | 0.06689      | 28.55         | 0.01545      | 0.01914     | 0.07577        | 0.8779                 | 0.007773     | 905.0  | -480179.300978 |
| SNXUSDT       | 0.0009711     | 0.001548    | 0.06992      | 49.82         | 0.01497      | 0.01878     | 0.08475        | 0.8743                 | 0.008517     | 905.0  | -480179.300971 |
| WOOUSDT       | 0.0009674     | 0.001171    | 0.0432       | 51.85         | 0.01472      | 0.01762     | 0.02241        | 0.8855                 | 0.006313     | 446.85 | -480179.300967 |
| UNFIUSDT      | 0.0009609     | 0.001113    | 0.05958      | 57.32         | 0.01848      | 0.01837     | 0.01592        | 0.8864                 | 0.005016     | 859.71 | -480179.300961 |
| RVNUSDT       | 0.0009514     | 0.001711    | 0.06937      | 36.95         | 0.009167     | 0.01009     | 0.01108        | 0.9342                 | 0.004523     | 855.71 | -480179.300951 |
| ZRXUSDT       | 0.0009449     | 0.001466    | 0.0699       | 50.57         | 0.01713      | 0.01668     | 0.0489         | 0.9063                 | 0.006425     | 905.0  | -480179.300945 |
| MINAUSDT      | 0.0009412     | 0.001198    | 0.05499      | 40.37         | 0.008992     | 0.007827    | 0.008531       | 0.9796                 | 0.002034     | 141.54 | -480179.300941 |
| ADAUSDT       | 0.0009404     | 0.001819    | 0.06986      | 49.37         | 0.01027      | 0.01818     | 0.0786         | 0.9075                 | 0.008291     | 905.0  | -480179.30094  |
| APTUSDT       | 0.000937      | 0.001226    | 0.05987      | 56.52         | 0.01098      | 0.01602     | 0.04708        | 0.9005                 | 0.006323     | 252.92 | -480179.300937 |
| CRVUSDT       | 0.0009314     | 0.001643    | 0.06963      | 52.05         | 0.0146       | 0.01816     | 0.03968        | 0.905                  | 0.007709     | 905.0  | -480179.300931 |
| REEFUSDT      | 0.0009295     | 0.001363    | 0.05454      | 46.8          | 0.01372      | 0.01642     | 0.02325        | 0.8903                 | 0.005903     | 856.7  | -480179.300929 |
| ALPHAUSDT     | 0.0009278     | 0.001323    | 0.06211      | 58.6          | 0.01638      | 0.01993     | 0.05751        | 0.8752                 | 0.007813     | 905.0  | -480179.300928 |
| RENUSDT       | 0.0009252     | 0.00106     | 0.04144      | 54.95         | 0.01667      | 0.01818     | 0.0137         | 0.9153                 | 0.005533     | 905.0  | -480179.300925 |
| FXSUSDT       | 0.0009242     | 0.0009014   | 0.05571      | 54.4          | 0.009082     | 0.008898    | 0.01915        | 0.9625                 | 0.003099     | 159.87 | -480179.300924 |
| ASTRUSDT      | 0.0009225     | 0.001493    | 0.06036      | 32.4          | 0.009108     | 0.008637    | 0.01272        | 0.9699                 | 0.002286     | 134.89 | -480179.300922 |
| ARPAUSDT      | 0.0009149     | 0.0009297   | 0.06014      | 59.98         | 0.01505      | 0.01657     | 0.05087        | 0.916                  | 0.00483      | 617.85 | -480179.300915 |
| 1INCHUSDT     | 0.0009047     | 0.001287    | 0.04839      | 53.98         | 0.01302      | 0.01783     | 0.007891       | 0.9028                 | 0.006203     | 905.0  | -480179.300905 |
| GALAUSDT      | 0.0009042     | 0.001329    | 0.04129      | 61.33         | 0.01274      | 0.0155      | 0.00945        | 0.9127                 | 0.005576     | 648.85 | -480179.300904 |
| XMRUSDT       | 0.0008762     | 0.0012      | 0.06721      | 52.33         | 0.01155      | 0.01881     | 0.03099        | 0.8881                 | 0.007655     | 905.0  | -480179.300876 |
| SANDUSDT      | 0.0008747     | 0.001877    | 0.05892      | 71.22         | 0.01068      | 0.01512     | 0.03477        | 0.8908                 | 0.005919     | 884.71 | -480179.300875 |
| STORJUSDT     | 0.000864      | 0.001582    | 0.06126      | 67.12         | 0.01607      | 0.0171      | 0.09853        | 0.8866                 | 0.006585     | 905.0  | -480179.300864 |
| MATICUSDT     | 0.0008608     | 0.001761    | 0.05881      | 33.47         | 0.01059      | 0.01084     | 0.01495        | 0.9318                 | 0.004366     | 905.0  | -480179.300861 |
| STMXUSDT      | 0.0008551     | 0.001278    | 0.06884      | 51.25         | 0.01517      | 0.01843     | 0.02019        | 0.8905                 | 0.007483     | 828.71 | -480179.300855 |
| AAVEUSDT      | 0.0008485     | 0.001785    | 0.06922      | 73.17         | 0.01541      | 0.01986     | 0.02125        | 0.9007                 | 0.007897     | 905.0  | -480179.300849 |
| LUNA2USDT     | 0.0008369     | 0.001117    | 0.0572       | 25.13         | 0.01426      | 0.01338     | 0.04851        | 0.975                  | 0.001795     | 291.87 | -480179.300837 |
| ENSUSDT       | 0.0008278     | 0.0009621   | 0.06641      | 47.2          | 0.01591      | 0.01625     | 0.01974        | 0.9219                 | 0.005619     | 575.85 | -480179.300828 |
| CHRUSDT       | 0.0008269     | 0.001516    | 0.07         | 54.25         | 0.01452      | 0.01799     | 0.02382        | 0.8996                 | 0.007666     | 838.71 | -480179.300827 |
| ROSEUSDT      | 0.0008242     | 0.001303    | 0.05038      | 39.37         | 0.009262     | 0.01413     | 0.04099        | 0.9071                 | 0.005426     | 544.85 | -480179.300824 |
| HFTUSDT       | 0.0008225     | 0.001174    | 0.06433      | 17.95         | 0.0116       | 0.009591    | 0.03871        | 0.9773                 | 0.001958     | 83.5   | -480179.300823 |
| ETCUSDT       | 0.0008158     | 0.001502    | 0.06927      | 80.3          | 0.01182      | 0.01477     | 0.04507        | 0.9127                 | 0.006089     | 905.0  | -480179.300816 |
| ONEUSDT       | 0.0008092     | 0.001587    | 0.04739      | 62.27         | 0.0132       | 0.01466     | 0.05428        | 0.9055                 | 0.005426     | 832.71 | -480179.300809 |
| RSRUSDT       | 0.0008059     | 0.001163    | 0.03723      | 63.57         | 0.01107      | 0.01362     | 0.02898        | 0.9293                 | 0.004672     | 905.0  | -480179.300806 |
| ACHUSDT       | 0.0007686     | 0.001381    | 0.04389      | 36.28         | 0.01322      | 0.01066     | 0.01035        | 0.9643                 | 0.002848     | 126.39 | -480179.300769 |
| XTZUSDT       | 0.0007689     | 0.001146    | 0.06993      | 82.62         | 0.01279      | 0.01673     | 0.01675        | 0.9182                 | 0.006885     | 905.0  | -480179.300769 |
| IOTAUSDT      | 0.0007663     | 0.000943    | 0.05862      | 56.65         | 0.016        | 0.01919     | 0.02145        | 0.8893                 | 0.006911     | 905.0  | -480179.300766 |
| BATUSDT       | 0.0007603     | 0.001261    | 0.06582      | 48.25         | 0.01262      | 0.01995     | 0.07338        | 0.8786                 | 0.007977     | 905.0  | -480179.30076  |
| SOLUSDT       | 0.0007568     | 0.002066    | 0.06897      | 58.33         | 0.01396      | 0.01497     | 0.072          | 0.8908                 | 0.00514      | 905.0  | -480179.300757 |
| APEUSDT       | 0.0007565     | 0.001095    | 0.04469      | 56.62         | 0.01312      | 0.01321     | 0.03038        | 0.9305                 | 0.003687     | 468.37 | -480179.300756 |
| EGLDUSDT      | 0.0007471     | 0.001767    | 0.06413      | 60.22         | 0.01158      | 0.01902     | 0.0445         | 0.8887                 | 0.007696     | 905.0  | -480179.300747 |
| TRXUSDT       | 0.0007376     | 0.0009965   | 0.06559      | 43.32         | 0.008678     | 0.0129      | 0.06945        | 0.9047                 | 0.005035     | 905.0  | -480179.300738 |
| JASMYUSDT     | 0.0007252     | 0.0009356   | 0.04392      | 58.77         | 0.01443      | 0.01352     | 0.01121        | 0.9771                 | 0.001563     | 434.85 | -480179.300725 |
| MAGICUSDT     | 0.0007225     | 0.001105    | 0.03105      | 57.32         | 0.01399      | 0.01103     | 0.02273        | 0.987                  | 0.0009628    | 154.87 | -480179.300722 |
| AMBUSDT       | 0.0007121     | 0.001385    | 0.06527      | 42.25         | 0.01396      | 0.01154     | 0.01182        | 0.9664                 | 0.003646     | 90.5   | -480179.300712 |
| AVAXUSDT      | 0.0006981     | 0.001716    | 0.0653       | 59.65         | 0.01524      | 0.01573     | 0.05282        | 0.899                  | 0.005122     | 905.0  | -480179.300698 |
| LEVERUSDT     | 0.0006918     | 0.000889    | 0.05281      | 46.25         | 0.01172      | 0.01107     | 0.01181        | 0.9737                 | 0.002206     | 90.49  | -480179.300692 |
| ZILUSDT       | 0.000683      | 0.001092    | 0.0689       | 60.32         | 0.01518      | 0.01614     | 0.03862        | 0.9079                 | 0.006655     | 905.0  | -480179.300683 |
| CVXUSDT       | 0.0006815     | 0.0007227   | 0.06881      | 65.68         | 0.01087      | 0.01229     | 0.01704        | 0.9307                 | 0.004965     | 279.49 | -480179.300681 |
| CELOUSDT      | 0.0006735     | 0.001249    | 0.05596      | 55.32         | 0.01161      | 0.01864     | 0.06087        | 0.8885                 | 0.007246     | 639.85 | -480179.300673 |
| ALGOUSDT      | 0.000666      | 0.001452    | 0.06508      | 54.12         | 0.01351      | 0.01453     | 0.07792        | 0.8927                 | 0.005983     | 905.0  | -480179.300666 |
| QTUMUSDT      | 0.0006547     | 0.001001    | 0.06845      | 84.43         | 0.01671      | 0.01788     | 0.02678        | 0.8937                 | 0.006375     | 905.0  | -480179.300655 |
| BALUSDT       | 0.000648      | 0.0009004   | 0.06844      | 51.42         | 0.01623      | 0.01843     | 0.02409        | 0.8816                 | 0.006896     | 905.0  | -480179.300648 |
| PEOPLEUSDT    | 0.0006397     | 0.001293    | 0.06075      | 49.27         | 0.01516      | 0.01882     | 0.06246        | 0.8987                 | 0.007341     | 551.83 | -480179.30064  |
| STGUSDT       | 0.0006327     | 0.001054    | 0.06532      | 71.3          | 0.01424      | 0.01516     | 0.04959        | 0.9309                 | 0.006907     | 307.5  | -480179.300633 |
| AXSUSDT       | 0.0006334     | 0.001634    | 0.06959      | 62.7          | 0.01672      | 0.01986     | 0.0941         | 0.901                  | 0.007348     | 905.0  | -480179.300633 |
| GMXUSDT       | 0.0006188     | 0.0007604   | 0.05065      | 44.6          | 0.0176       | 0.01412     | 0.08407        | 0.989                  | 0.001568     | 131.39 | -480179.300619 |
| BLZUSDT       | 0.0006182     | 0.00094     | 0.06194      | 58.73         | 0.01993      | 0.01863     | 0.0563         | 0.9019                 | 0.005941     | 905.0  | -480179.300618 |
| FLMUSDT       | 0.0005738     | 0.0008545   | 0.06611      | 55.47         | 0.01958      | 0.01781     | 0.06827        | 0.9116                 | 0.006121     | 905.0  | -480179.300574 |
| GALUSDT       | 0.0005455     | 0.001203    | 0.05843      | 53.78         | 0.01717      | 0.0166      | 0.05643        | 0.9225                 | 0.00565      | 419.41 | -480179.300545 |
| KNCUSDT       | 0.000539      | 0.001159    | 0.04757      | 46.33         | 0.01581      | 0.01965     | 0.05951        | 0.8773                 | 0.007106     | 905.0  | -480179.300539 |
| YFIUSDT       | 0.0005295     | 0.001292    | 0.06962      | 68.05         | 0.01746      | 0.01861     | 0.089          | 0.8812                 | 0.006564     | 905.0  | -480179.30053  |
| API3USDT      | 0.0004985     | 0.00102     | 0.05655      | 82.85         | 0.01458      | 0.01419     | 0.03242        | 0.929                  | 0.00492      | 491.85 | -480179.300498 |
| DARUSDT       | 0.0003964     | 0.0007684   | 0.06147      | 59.1          | 0.01494      | 0.01659     | 0.06886        | 0.9374                 | 0.006676     | 425.85 | -480179.300396 |
| TRUUSDT       | 0.0003851     | 0.0007705   | 0.05631      | 53.38         | 0.01936      | 0.01594     | 0.06583        | 0.9758                 | 0.00288      | 113.5  | -480179.300385 |
| KSMUSDT       | 0.0003674     | 0.001307    | 0.04932      | 48.35         | 0.01587      | 0.01584     | 0.09042        | 0.8991                 | 0.005059     | 905.0  | -480179.300367 |
| JOEUSDT       | 0.0003477     | 0.0005788   | 0.04868      | 43.47         | 0.01989      | 0.01628     | 0.09953        | 0.9756                 | 0.003189     | 91.49  | -480179.300348 |
| SXPUSDT       | 0.0003125     | 0.001147    | 0.02729      | 70.13         | 0.01464      | 0.01287     | 0.07547        | 0.9233                 | 0.00295      | 905.0  | -480179.300312 |
| FLOWUSDT      | 0.0002389     | 0.0005805   | 0.04112      | 64.03         | 0.01714      | 0.01507     | 0.0848         | 0.9414                 | 0.002884     | 503.85 | -480179.300239 |
| 1000XECUSDT   | 0.000166      | 0.0004997   | 0.0411       | 59.9          | 0.01519      | 0.01375     | 0.0918         | 0.9248                 | 0.002822     | 649.85 | -480179.300166 |
| USDCUSDT      | 2.987e-08     | 2.987e-07   | 1.945e-05    | 8.7           | 0.002553     | 9.661e-05   | 0.0            | 1.0                    | 6.469e-07    | 108.29 | -480179.3      |
| CTSIUSDT      | 0.0007322     | 0.001006    | 0.04864      | 49.63         | 0.0159       | 0.02014     | 0.07788        | 0.8903                 | 0.007772     | 610.85 | -480177.920237 |
| LPTUSDT       | 0.0007944     | 0.0009325   | 0.06738      | 48.78         | 0.0164       | 0.02044     | 0.09956        | 0.8798                 | 0.008213     | 594.85 | -480174.903621 |
| C98USDT       | 0.0004287     | 0.001047    | 0.07017      | 47.23         | 0.01684      | 0.02079     | 0.07126        | 0.9166                 | 0.008418     | 673.85 | -480171.364916 |
| ANTUSDT       | 0.0005913     | 0.0008705   | 0.04893      | 68.28         | 0.01744      | 0.02104     | 0.02693        | 0.8916                 | 0.007377     | 548.83 | -480168.937053 |
| ARUSDT        | 0.0004143     | 0.0007108   | 0.07042      | 53.12         | 0.02144      | 0.02153     | 0.1            | 0.9157                 | 0.008492     | 638.85 | -480162.603562 |
| DUSKUSDT      | 0.0004845     | 0.001015    | 0.06224      | 45.53         | 0.01711      | 0.02328     | 0.06443        | 0.9004                 | 0.008962     | 537.85 | -480146.52837  |
| IOTXUSDT      | 0.0007033     | 0.0008644   | 0.08019      | 48.97         | 0.01884      | 0.02656     | 0.09618        | 0.8686                 | 0.01106      | 685.85 | -480113.566272 |
| MASKUSDT      | 0.0009396     | 0.001009    | 0.09188      | 56.32         | 0.02467      | 0.03224     | 0.06614        | 0.854                  | 0.0136       | 670.85 | -480051.97197  |
| DYDXUSDT      | 0.001371      | 0.001653    | 0.1444       | 51.57         | 0.02192      | 0.03424     | 0.09053        | 0.8471                 | 0.01792      | 656.85 | -480034.24904  |
| AUDIOUSDT     | 0.0005611     | 0.0008866   | 0.1045       | 53.97         | 0.02239      | 0.03446     | 0.07271        | 0.8702                 | 0.01522      | 678.85 | -480031.938874 |
| XEMUSDT       | 0.0002134     | 0.001382    | 0.01724      | 96.22         | 0.01256      | 0.0115      | 0.1306         | 0.9442                 | 0.001793     | 847.71 | -477095.934729 |
| GTCUSDT       | 0.0003004     | 0.0008422   | 0.1031       | 57.0          | 0.02664      | 0.03473     | 0.1358         | 0.8532                 | 0.01461      | 747.85 | -476441.924941 |
| BAKEUSDT      | 0.0004953     | 0.0006883   | 0.1225       | 58.03         | 0.02958      | 0.04394     | 0.2284         | 0.8385                 | 0.01997      | 770.71 | -467092.506307 |
| GMTUSDT       | 0.0001687     | 0.0009576   | 0.08376      | 72.77         | 0.01708      | 0.0206      | 0.25           | 0.8839                 | 0.008502     | 470.83 | -465172.353376 |
| KLAYUSDT      | 0.0002409     | 0.0005335   | 0.04437      | 60.48         | 0.01249      | 0.01657     | 0.357          | 0.8956                 | 0.006131     | 624.85 | -454478.382912 |
+---------------+---------------+-------------+--------------+---------------+--------------+-------------+----------------+------------------------+--------------+--------+----------------+

+--------------------------------------------------------------------------------------------------------------------------------------------------------------------------------------------+
|                                                                                           short                                                                                            |
+---------------+---------------+-------------+--------------+---------------+--------------+-------------+----------------+------------------------+--------------+--------+----------------+
| symbol        | adg_w_per_exp | adg_per_exp | exp_rts_mean | hrs_stuck_max | pa_dist_mean | pa_dist_std | loss_profit_rt | eqbal_rt_10_worst_mean | eqbal_rt_std | n_days | score          |
+---------------+---------------+-------------+--------------+---------------+--------------+-------------+----------------+------------------------+--------------+--------+----------------+
| BLURUSDT      | 0.004385      | 0.001832    | 0.03928      | 35.12         | 0.01225      | 0.01031     | 0.05201        | 0.9971                 | 0.0003329    | 61.5   | -230179.304385 |
| TRUUSDT       | 0.003291      | 0.002477    | 0.03394      | 78.18         | 0.007878     | 0.006774    | 0.0001217      | 0.9941                 | 0.0004615    | 113.5  | -230179.303291 |
| RDNTUSDT      | 0.003225      | 0.002389    | 0.06619      | 38.57         | 0.00987      | 0.009093    | 0.001864       | 0.9926                 | 0.000653     | 84.5   | -230179.303225 |
| 1000FLOKIUSDT | 0.002917      | 0.00196     | 0.0274       | 36.78         | 0.007491     | 0.007515    | 0.000766       | 0.998                  | 0.0002308    | 53.31  | -230179.302917 |
| 1000PEPEUSDT  | 0.002915      | 0.002162    | 0.01913      | 58.52         | 0.01664      | 0.0165      | 0.009551       | 0.9978                 | 0.0002507    | 54.31  | -230179.302915 |
| IDEXUSDT      | 0.00271       | 0.002151    | 0.05032      | 47.18         | 0.008165     | 0.007022    | 0.002314       | 0.993                  | 0.0007236    | 56.5   | -230179.30271  |
| UMAUSDT       | 0.002328      | 0.001274    | 0.04529      | 43.43         | 0.006777     | 0.006236    | 0.00716        | 0.9941                 | 0.0006176    | 49.48  | -230179.302328 |
| AMBUSDT       | 0.002249      | 0.002119    | 0.03403      | 49.18         | 0.008908     | 0.00857     | 0.001796       | 0.9943                 | 0.0005423    | 90.5   | -230179.302249 |
| RADUSDT       | 0.002116      | 0.003922    | 0.04698      | 37.65         | 0.006907     | 0.00588     | 0.005085       | 0.9966                 | 0.0003794    | 49.5   | -230179.302116 |
| AGIXUSDT      | 0.002048      | 0.002606    | 0.0495       | 79.52         | 0.01144      | 0.01036     | 0.00579        | 0.9905                 | 0.0007286    | 132.4  | -230179.302048 |
| CHRUSDT       | 0.001942      | 0.002235    | 0.06988      | 83.43         | 0.01401      | 0.0158      | 0.004575       | 0.9479                 | 0.001799     | 838.71 | -230179.301942 |
| OGNUSDT       | 0.001921      | 0.002013    | 0.06991      | 64.92         | 0.01505      | 0.01756     | 0.01449        | 0.939                  | 0.002199     | 818.71 | -230179.301921 |
| SSVUSDT       | 0.001906      | 0.002005    | 0.05574      | 80.25         | 0.01219      | 0.01274     | 0.01415        | 0.9804                 | 0.001434     | 124.5  | -230179.301906 |
| ANKRUSDT      | 0.001904      | 0.002766    | 0.06621      | 75.95         | 0.01281      | 0.01599     | 0.01908        | 0.9512                 | 0.002263     | 883.71 | -230179.301904 |
| GMXUSDT       | 0.001888      | 0.001205    | 0.06766      | 60.63         | 0.01206      | 0.0115      | 0.08502        | 0.9962                 | 0.0004176    | 131.39 | -230179.301888 |
| BNXUSDT       | 0.001884      | 0.001636    | 0.04715      | 71.17         | 0.01099      | 0.009683    | 0.02331        | 0.9949                 | 0.0004358    | 126.38 | -230179.301884 |
| TLMUSDT       | 0.001879      | 0.001311    | 0.06116      | 40.32         | 0.009448     | 0.009914    | 0.01677        | 0.9915                 | 0.0006993    | 90.48  | -230179.301879 |
| LEVERUSDT     | 0.001873      | 0.001189    | 0.0679       | 78.7          | 0.01153      | 0.01048     | 0.03292        | 0.9933                 | 0.0008076    | 90.49  | -230179.301873 |
| REEFUSDT      | 0.001868      | 0.002169    | 0.06848      | 85.78         | 0.01002      | 0.013       | 0.008502       | 0.9707                 | 0.001784     | 856.7  | -230179.301868 |
| COMBOUSDT     | 0.001865      | 0.002834    | 0.03732      | 25.98         | 0.009703     | 0.007675    | 0.006283       | 0.9966                 | 0.0005263    | 26.5   | -230179.301865 |
| NKNUSDT       | 0.001863      | 0.00276     | 0.06999      | 50.78         | 0.01559      | 0.0179      | 0.07573        | 0.944                  | 0.003081     | 810.71 | -230179.301863 |
| ACHUSDT       | 0.001861      | 0.00143     | 0.0388       | 84.8          | 0.0169       | 0.01606     | 0.022          | 0.989                  | 0.0008581    | 126.39 | -230179.301861 |
| HFTUSDT       | 0.001834      | 0.001373    | 0.06207      | 45.12         | 0.01123      | 0.008898    | 0.01126        | 0.9966                 | 0.0003839    | 83.5   | -230179.301834 |
| MINAUSDT      | 0.001826      | 0.001571    | 0.05838      | 79.75         | 0.01185      | 0.01251     | 0.003299       | 0.9861                 | 0.000978     | 141.54 | -230179.301826 |
| CHZUSDT       | 0.001812      | 0.002031    | 0.06373      | 49.62         | 0.008948     | 0.01384     | 0.04561        | 0.932                  | 0.002054     | 888.71 | -230179.301812 |
| KEYUSDT       | 0.00179       | 0.00378     | 0.06188      | 42.58         | 0.01096      | 0.00991     | 0.005373       | 0.9903                 | 0.001208     | 35.5   | -230179.30179  |
| OMGUSDT       | 0.001782      | 0.002343    | 0.06874      | 29.87         | 0.01153      | 0.01351     | 0.02829        | 0.9621                 | 0.001878     | 905.0  | -230179.301782 |
| EDUUSDT       | 0.001771      | 0.001692    | 0.04718      | 52.15         | 0.01361      | 0.01338     | 0.004558       | 0.9905                 | 0.0009721    | 59.5   | -230179.301771 |
| SFPUSDT       | 0.001764      | 0.001672    | 0.06994      | 84.8          | 0.01464      | 0.01957     | 0.01077        | 0.9363                 | 0.002008     | 854.71 | -230179.301764 |
| LITUSDT       | 0.001735      | 0.002301    | 0.06769      | 79.85         | 0.01477      | 0.01393     | 0.01312        | 0.9731                 | 0.001607     | 860.71 | -230179.301735 |
| TOMOUSDT      | 0.00172       | 0.001731    | 0.06612      | 69.1          | 0.01375      | 0.0178      | 0.02321        | 0.9631                 | 0.002571     | 905.0  | -230179.30172  |
| LQTYUSDT      | 0.001715      | 0.002132    | 0.04581      | 50.45         | 0.0109       | 0.01429     | 0.00704        | 0.9781                 | 0.001789     | 110.5  | -230179.301715 |
| JASMYUSDT     | 0.001715      | 0.002349    | 0.06208      | 71.33         | 0.008981     | 0.01147     | 0.007714       | 0.9789                 | 0.00158      | 434.85 | -230179.301715 |
| OCEANUSDT     | 0.001702      | 0.002149    | 0.06908      | 65.6          | 0.0164       | 0.01594     | 0.02804        | 0.9661                 | 0.001874     | 905.0  | -230179.301702 |
| HIGHUSDT      | 0.001687      | 0.002498    | 0.04884      | 62.37         | 0.01237      | 0.01098     | 0.009562       | 0.987                  | 0.0009019    | 141.89 | -230179.301687 |
| TUSDT         | 0.001667      | 0.001234    | 0.06314      | 48.9          | 0.01133      | 0.01618     | 0.07144        | 0.9734                 | 0.002439     | 147.46 | -230179.301667 |
| SKLUSDT       | 0.001659      | 0.0025      | 0.06649      | 82.12         | 0.0146       | 0.01952     | 0.01165        | 0.9342                 | 0.003199     | 905.0  | -230179.301659 |
| ASTRUSDT      | 0.001657      | 0.001587    | 0.05223      | 86.55         | 0.008874     | 0.007516    | 0.004549       | 0.9956                 | 0.000404     | 134.89 | -230179.301657 |
| CELRUSDT      | 0.001622      | 0.002102    | 0.06763      | 57.4          | 0.01341      | 0.01872     | 0.02891        | 0.9441                 | 0.003054     | 821.71 | -230179.301622 |
| RENUSDT       | 0.001619      | 0.0018      | 0.06688      | 78.68         | 0.01825      | 0.01643     | 0.04066        | 0.9622                 | 0.001867     | 905.0  | -230179.301619 |
| PHBUSDT       | 0.001599      | 0.001626    | 0.04609      | 84.47         | 0.01343      | 0.01202     | 0.00908        | 0.9921                 | 0.0006329    | 132.39 | -230179.301599 |
| ALICEUSDT     | 0.001594      | 0.001678    | 0.06565      | 57.42         | 0.01653      | 0.01676     | 0.01633        | 0.9836                 | 0.0009745    | 834.87 | -230179.301594 |
| CKBUSDT       | 0.001571      | 0.001797    | 0.0494       | 80.53         | 0.009852     | 0.009378    | 0.006265       | 0.9955                 | 0.0003853    | 120.5  | -230179.301571 |
| GALUSDT       | 0.001563      | 0.002098    | 0.05934      | 81.45         | 0.01298      | 0.01422     | 0.008402       | 0.9755                 | 0.001417     | 419.41 | -230179.301563 |
| 1000LUNCUSDT  | 0.001534      | 0.001738    | 0.06356      | 58.2          | 0.0097       | 0.01972     | 0.01811        | 0.9564                 | 0.003063     | 292.46 | -230179.301534 |
| IDUSDT        | 0.001515      | 0.002232    | 0.04668      | 24.68         | 0.01126      | 0.01298     | 0.01962        | 0.9822                 | 0.00165      | 97.39  | -230179.301515 |
| RSRUSDT       | 0.001511      | 0.002334    | 0.06853      | 78.95         | 0.01395      | 0.01572     | 0.01791        | 0.9679                 | 0.002172     | 905.0  | -230179.301511 |
| HOOKUSDT      | 0.001487      | 0.001809    | 0.06477      | 55.2          | 0.01398      | 0.01379     | 0.008016       | 0.9841                 | 0.001446     | 156.87 | -230179.301487 |
| BATUSDT       | 0.00147       | 0.001563    | 0.06715      | 59.77         | 0.01476      | 0.01413     | 0.06926        | 0.956                  | 0.00138      | 905.0  | -230179.30147  |
| HOTUSDT       | 0.001466      | 0.001611    | 0.06907      | 59.02         | 0.01212      | 0.01312     | 0.01829        | 0.9706                 | 0.001485     | 820.71 | -230179.301466 |
| ONEUSDT       | 0.001428      | 0.001848    | 0.06516      | 78.88         | 0.01537      | 0.01851     | 0.01205        | 0.9598                 | 0.002406     | 832.71 | -230179.301428 |
| BLZUSDT       | 0.001423      | 0.001908    | 0.06817      | 69.23         | 0.01594      | 0.01788     | 0.0174         | 0.9294                 | 0.00268      | 905.0  | -230179.301423 |
| TRBUSDT       | 0.001409      | 0.00271     | 0.06796      | 86.95         | 0.01392      | 0.01842     | 0.009853       | 0.9354                 | 0.002773     | 905.0  | -230179.301409 |
| LRCUSDT       | 0.001407      | 0.001707    | 0.06743      | 46.87         | 0.01647      | 0.01887     | 0.04019        | 0.9511                 | 0.002306     | 905.0  | -230179.301407 |
| SUSHIUSDT     | 0.001404      | 0.002079    | 0.0696       | 59.47         | 0.01294      | 0.01384     | 0.01699        | 0.9733                 | 0.001531     | 905.0  | -230179.301404 |
| LUNA2USDT     | 0.001388      | 0.002051    | 0.04084      | 44.3          | 0.007092     | 0.007866    | 0.003561       | 0.9858                 | 0.0008137    | 291.87 | -230179.301388 |
| MTLUSDT       | 0.001383      | 0.001393    | 0.05908      | 71.38         | 0.01607      | 0.01997     | 0.04591        | 0.9467                 | 0.00297      | 819.71 | -230179.301383 |
| CTKUSDT       | 0.001359      | 0.001766    | 0.06979      | 63.68         | 0.01266      | 0.0162      | 0.01232        | 0.9274                 | 0.002322     | 905.0  | -230179.301359 |
| SANDUSDT      | 0.001357      | 0.001671    | 0.06341      | 54.35         | 0.01772      | 0.01993     | 0.02909        | 0.9635                 | 0.001725     | 884.71 | -230179.301357 |
| GRTUSDT       | 0.001351      | 0.002078    | 0.06322      | 48.42         | 0.0155       | 0.01665     | 0.0315         | 0.9513                 | 0.002474     | 905.0  | -230179.301351 |
| STORJUSDT     | 0.001339      | 0.001518    | 0.06986      | 71.78         | 0.01859      | 0.01972     | 0.02797        | 0.9503                 | 0.002084     | 905.0  | -230179.301339 |
| FETUSDT       | 0.001337      | 0.001499    | 0.05003      | 43.52         | 0.01505      | 0.01387     | 0.06988        | 0.9914                 | 0.0007587    | 162.89 | -230179.301337 |
| STMXUSDT      | 0.001326      | 0.00187     | 0.06951      | 70.82         | 0.01351      | 0.01365     | 0.03198        | 0.9672                 | 0.001697     | 828.71 | -230179.301326 |
| NEOUSDT       | 0.00131       | 0.001497    | 0.06998      | 80.02         | 0.01461      | 0.01379     | 0.01931        | 0.9782                 | 0.001505     | 905.0  | -230179.30131  |
| ARBUSDT       | 0.001305      | 0.001156    | 0.06246      | 32.57         | 0.01518      | 0.01499     | 0.02648        | 0.994                  | 0.0006508    | 97.37  | -230179.301305 |
| CRVUSDT       | 0.001302      | 0.002185    | 0.06961      | 67.62         | 0.01407      | 0.01731     | 0.0162         | 0.958                  | 0.002549     | 905.0  | -230179.301302 |
| ONTUSDT       | 0.001291      | 0.001778    | 0.06657      | 79.02         | 0.01423      | 0.01136     | 0.05085        | 0.981                  | 0.001231     | 905.0  | -230179.301291 |
| ALPHAUSDT     | 0.00128       | 0.001605    | 0.06634      | 69.45         | 0.01783      | 0.01844     | 0.05644        | 0.9558                 | 0.002379     | 905.0  | -230179.30128  |
| COTIUSDT      | 0.001278      | 0.001615    | 0.06424      | 88.07         | 0.01557      | 0.01542     | 0.04457        | 0.9768                 | 0.001297     | 840.71 | -230179.301278 |
| RLCUSDT       | 0.001277      | 0.001767    | 0.06942      | 59.07         | 0.0151       | 0.01668     | 0.02734        | 0.948                  | 0.002362     | 905.0  | -230179.301277 |
| WOOUSDT       | 0.001277      | 0.001234    | 0.06221      | 71.02         | 0.01639      | 0.0145      | 0.03161        | 0.9776                 | 0.001307     | 446.85 | -230179.301277 |
| KAVAUSDT      | 0.001271      | 0.001758    | 0.06933      | 47.98         | 0.01333      | 0.01812     | 0.03533        | 0.9384                 | 0.003118     | 905.0  | -230179.301271 |
| XEMUSDT       | 0.001269      | 0.001761    | 0.06755      | 68.77         | 0.009726     | 0.01547     | 0.01139        | 0.9541                 | 0.00242      | 847.71 | -230179.301269 |
| SPELLUSDT     | 0.001268      | 0.001496    | 0.06223      | 37.85         | 0.007549     | 0.009391    | 0.008696       | 0.9797                 | 0.001271     | 295.5  | -230179.301268 |
| SNXUSDT       | 0.001262      | 0.001487    | 0.06967      | 62.88         | 0.01609      | 0.01867     | 0.01371        | 0.9558                 | 0.002322     | 905.0  | -230179.301262 |
| IOSTUSDT      | 0.001255      | 0.001483    | 0.06999      | 77.58         | 0.01351      | 0.01814     | 0.009881       | 0.9572                 | 0.002502     | 905.0  | -230179.301255 |
| 1INCHUSDT     | 0.001261      | 0.001894    | 0.07         | 54.32         | 0.01156      | 0.0127      | 0.01046        | 0.976                  | 0.001497     | 905.0  | -230179.301244 |
| ENJUSDT       | 0.001239      | 0.002109    | 0.06944      | 76.78         | 0.01516      | 0.0182      | 0.02838        | 0.9676                 | 0.00266      | 905.0  | -230179.301239 |
| ICPUSDT       | 0.001219      | 0.001249    | 0.06572      | 50.73         | 0.01206      | 0.01453     | 0.06738        | 0.9719                 | 0.001878     | 274.89 | -230179.301219 |
| FLMUSDT       | 0.001215      | 0.001688    | 0.06957      | 84.13         | 0.01682      | 0.01882     | 0.0189         | 0.9157                 | 0.002911     | 905.0  | -230179.301215 |
| DUSKUSDT      | 0.001214      | 0.001609    | 0.04929      | 81.15         | 0.01241      | 0.01192     | 0.03372        | 0.9794                 | 0.00104      | 537.85 | -230179.301214 |
| FXSUSDT       | 0.001213      | 0.001181    | 0.06594      | 43.6          | 0.0166       | 0.01473     | 0.0746         | 0.9903                 | 0.0009622    | 159.87 | -230179.301213 |
| ENSUSDT       | 0.001203      | 0.001514    | 0.06955      | 82.75         | 0.01424      | 0.01474     | 0.01163        | 0.9791                 | 0.001567     | 575.85 | -230179.301203 |
| ZRXUSDT       | 0.001196      | 0.001751    | 0.06804      | 56.02         | 0.01376      | 0.01578     | 0.05866        | 0.9558                 | 0.002289     | 905.0  | -230179.301196 |
| UNFIUSDT      | 0.00119       | 0.002247    | 0.06925      | 47.93         | 0.01827      | 0.01981     | 0.05364        | 0.8025                 | 0.006035     | 859.71 | -230179.30119  |
| CELOUSDT      | 0.001184      | 0.001527    | 0.06156      | 77.72         | 0.01334      | 0.01271     | 0.02936        | 0.9779                 | 0.001197     | 639.85 | -230179.301184 |
| DASHUSDT      | 0.00117       | 0.001236    | 0.06931      | 63.53         | 0.01513      | 0.0156      | 0.03714        | 0.9528                 | 0.001986     | 905.0  | -230179.30117  |
| IOTAUSDT      | 0.001159      | 0.001693    | 0.06999      | 48.78         | 0.01248      | 0.01734     | 0.02598        | 0.9582                 | 0.00287      | 905.0  | -230179.301159 |
| ZENUSDT       | 0.001153      | 0.001783    | 0.06845      | 86.13         | 0.01605      | 0.01455     | 0.06571        | 0.979                  | 0.001224     | 905.0  | -230179.301153 |
| IMXUSDT       | 0.001129      | 0.001341    | 0.04687      | 88.77         | 0.01876      | 0.01869     | 0.04193        | 0.9706                 | 0.00155      | 502.85 | -230179.301129 |
| DENTUSDT      | 0.001112      | 0.00111     | 0.06025      | 72.0          | 0.01597      | 0.01656     | 0.07833        | 0.9717                 | 0.001574     | 826.83 | -230179.301112 |
| ICXUSDT       | 0.001097      | 0.001276    | 0.05514      | 79.92         | 0.01616      | 0.01731     | 0.01905        | 0.9465                 | 0.00208      | 905.0  | -230179.301097 |
| XRPUSDT       | 0.001069      | 0.001189    | 0.06976      | 55.18         | 0.012        | 0.0144      | 0.01546        | 0.9731                 | 0.001502     | 905.0  | -230179.301069 |
| KNCUSDT       | 0.00106       | 0.00137     | 0.06769      | 64.87         | 0.01648      | 0.01834     | 0.05923        | 0.9582                 | 0.002405     | 905.0  | -230179.30106  |
| FTMUSDT       | 0.001057      | 0.001967    | 0.05068      | 58.87         | 0.01949      | 0.01885     | 0.0372         | 0.9676                 | 0.001473     | 905.0  | -230179.301057 |
| EOSUSDT       | 0.001057      | 0.00142     | 0.06823      | 77.23         | 0.01099      | 0.0146      | 0.02446        | 0.9515                 | 0.002174     | 905.0  | -230179.301057 |
| DYDXUSDT      | 0.001048      | 0.00119     | 0.03915      | 76.62         | 0.01432      | 0.01915     | 0.01709        | 0.9532                 | 0.002128     | 656.85 | -230179.301048 |
| LINKUSDT      | 0.00104       | 0.001927    | 0.06959      | 75.98         | 0.01068      | 0.01117     | 0.008926       | 0.9662                 | 0.001498     | 905.0  | -230179.30104  |
| FLOWUSDT      | 0.001036      | 0.001254    | 0.06465      | 94.48         | 0.01212      | 0.014       | 0.02387        | 0.9799                 | 0.001774     | 503.85 | -230179.301036 |
| LDOUSDT       | 0.001028      | 0.001376    | 0.05754      | 44.6          | 0.01731      | 0.01804     | 0.07023        | 0.9776                 | 0.001654     | 279.5  | -230179.301028 |
| 1000XECUSDT   | 0.001028      | 0.001274    | 0.06877      | 54.78         | 0.01035      | 0.01067     | 0.01665        | 0.9749                 | 0.001184     | 649.85 | -230179.301028 |
| MATICUSDT     | 0.001014      | 0.001482    | 0.06824      | 78.83         | 0.01759      | 0.01931     | 0.01891        | 0.9672                 | 0.002147     | 905.0  | -230179.301014 |
| THETAUSDT     | 0.001009      | 0.001521    | 0.06619      | 79.43         | 0.01559      | 0.01948     | 0.05629        | 0.9636                 | 0.00279      | 905.0  | -230179.301009 |
| INJUSDT       | 0.001         | 0.00111     | 0.04668      | 39.57         | 0.01493      | 0.01259     | 0.01042        | 0.9909                 | 0.0006246    | 315.88 | -230179.301    |
| ALGOUSDT      | 0.0009949     | 0.002035    | 0.06969      | 59.68         | 0.01227      | 0.01975     | 0.05928        | 0.907                  | 0.0039       | 905.0  | -230179.300995 |
| MANAUSDT      | 0.0009736     | 0.00153     | 0.06263      | 82.58         | 0.01338      | 0.01799     | 0.05111        | 0.9498                 | 0.002522     | 835.71 | -230179.300974 |
| HBARUSDT      | 0.0009719     | 0.001836    | 0.06875      | 89.5          | 0.01219      | 0.01638     | 0.06217        | 0.9638                 | 0.002685     | 833.71 | -230179.300972 |
| XTZUSDT       | 0.00097       | 0.001684    | 0.06988      | 56.6          | 0.01157      | 0.01001     | 0.008144       | 0.9781                 | 0.001076     | 905.0  | -230179.30097  |
| QTUMUSDT      | 0.0009596     | 0.00163     | 0.0677       | 52.48         | 0.01218      | 0.01808     | 0.02334        | 0.9543                 | 0.002829     | 905.0  | -230179.30096  |
| DGBUSDT       | 0.0009488     | 0.001436    | 0.06572      | 62.95         | 0.01001      | 0.01174     | 0.008953       | 0.9723                 | 0.001567     | 798.85 | -230179.300949 |
| VETUSDT       | 0.0009374     | 0.001452    | 0.06906      | 78.77         | 0.0139       | 0.0151      | 0.07727        | 0.9737                 | 0.001975     | 905.0  | -230179.300937 |
| LPTUSDT       | 0.0009355     | 0.001087    | 0.05439      | 87.5          | 0.01185      | 0.01512     | 0.01874        | 0.9616                 | 0.001699     | 594.85 | -230179.300936 |
| JOEUSDT       | 0.0009358     | 0.0007068   | 0.03433      | 69.03         | 0.01854      | 0.01694     | 0.06303        | 0.9901                 | 0.000857     | 91.49  | -230179.300936 |
| ARPAUSDT      | 0.0009288     | 0.0008428   | 0.03416      | 80.7          | 0.01586      | 0.01945     | 0.0381         | 0.9413                 | 0.002194     | 617.85 | -230179.300929 |
| NEARUSDT      | 0.0009219     | 0.001737    | 0.06466      | 58.43         | 0.01581      | 0.01846     | 0.05468        | 0.961                  | 0.002404     | 905.0  | -230179.300922 |
| XLMUSDT       | 0.0009146     | 0.001297    | 0.06978      | 78.87         | 0.01196      | 0.01384     | 0.01979        | 0.9749                 | 0.001786     | 905.0  | -230179.300915 |
| API3USDT      | 0.000911      | 0.001342    | 0.06025      | 83.97         | 0.01405      | 0.0139      | 0.02295        | 0.9741                 | 0.001661     | 491.85 | -230179.300911 |
| RVNUSDT       | 0.00088       | 0.001297    | 0.05521      | 78.28         | 0.01551      | 0.01642     | 0.03126        | 0.964                  | 0.001885     | 855.71 | -230179.30088  |
| CTSIUSDT      | 0.0008741     | 0.001007    | 0.05816      | 52.45         | 0.01781      | 0.01809     | 0.05709        | 0.9722                 | 0.002034     | 610.85 | -230179.300874 |
| ADAUSDT       | 0.0008602     | 0.001186    | 0.06637      | 81.32         | 0.01456      | 0.01868     | 0.05272        | 0.9518                 | 0.002643     | 905.0  | -230179.30086  |
| ZECUSDT       | 0.0008505     | 0.001226    | 0.06936      | 62.72         | 0.0111       | 0.01502     | 0.03106        | 0.9643                 | 0.002299     | 905.0  | -230179.30085  |
| IOTXUSDT      | 0.0008487     | 0.001045    | 0.05638      | 62.1          | 0.01634      | 0.01555     | 0.04453        | 0.9803                 | 0.001298     | 685.85 | -230179.300849 |
| XMRUSDT       | 0.0008477     | 0.001389    | 0.06941      | 63.4          | 0.008817     | 0.009789    | 0.007578       | 0.9826                 | 0.001307     | 905.0  | -230179.300848 |
| BELUSDT       | 0.0008337     | 0.001086    | 0.05157      | 65.95         | 0.01939      | 0.02        | 0.06325        | 0.9439                 | 0.002141     | 905.0  | -230179.300834 |
| COMPUSDT      | 0.000826      | 0.001106    | 0.06999      | 66.62         | 0.01788      | 0.01969     | 0.03899        | 0.9501                 | 0.002647     | 905.0  | -230179.300826 |
| BAKEUSDT      | 0.0008079     | 0.001238    | 0.06961      | 54.9          | 0.01678      | 0.01949     | 0.0891         | 0.9325                 | 0.003055     | 770.71 | -230179.300808 |
| DARUSDT       | 0.000785      | 0.001413    | 0.06349      | 78.75         | 0.01122      | 0.01282     | 0.02809        | 0.9732                 | 0.001803     | 425.85 | -230179.300785 |
| KLAYUSDT      | 0.0007592     | 0.000704    | 0.05392      | 94.5          | 0.01474      | 0.01748     | 0.05316        | 0.9698                 | 0.001721     | 624.85 | -230179.300759 |
| DOGEUSDT      | 0.0007485     | 0.001274    | 0.04631      | 55.73         | 0.01511      | 0.01699     | 0.03367        | 0.9484                 | 0.001869     | 905.0  | -230179.300749 |
| TRXUSDT       | 0.0007456     | 0.0009513   | 0.06522      | 67.18         | 0.009543     | 0.0135      | 0.02099        | 0.9765                 | 0.001588     | 905.0  | -230179.300746 |
| FILUSDT       | 0.0007101     | 0.001029    | 0.05057      | 85.25         | 0.0175       | 0.01974     | 0.07265        | 0.956                  | 0.001831     | 905.0  | -230179.30071  |
| ARUSDT        | 0.0006736     | 0.001192    | 0.05307      | 70.8          | 0.0171       | 0.01987     | 0.09616        | 0.9591                 | 0.002388     | 638.85 | -230179.300674 |
| AUDIOUSDT     | 0.0006213     | 0.0008331   | 0.03384      | 88.05         | 0.01884      | 0.0191      | 0.03816        | 0.9734                 | 0.0009344    | 678.85 | -230179.300621 |
| APEUSDT       | 0.0006132     | 0.001338    | 0.05285      | 94.83         | 0.01364      | 0.01552     | 0.04714        | 0.9657                 | 0.001869     | 468.37 | -230179.300613 |
| ATOMUSDT      | 0.0006008     | 0.001373    | 0.05744      | 83.0          | 0.01446      | 0.01318     | 0.02449        | 0.9774                 | 0.0014       | 905.0  | -230179.300601 |
| DOTUSDT       | 0.0005002     | 0.000787    | 0.05783      | 80.28         | 0.01826      | 0.02        | 0.06471        | 0.9621                 | 0.002237     | 905.0  | -230179.267436 |
| QNTUSDT       | 0.0003901     | 0.001297    | 0.09225      | 69.88         | 0.01204      | 0.01522     | 0.09774        | 0.9828                 | 0.00215      | 251.89 | -230179.077857 |
| CVXUSDT       | 0.0006045     | 0.0008326   | 0.1193       | 83.13         | 0.01651      | 0.01836     | 0.09081        | 0.9758                 | 0.002459     | 279.49 | -230178.808092 |
| GTCUSDT       | 0.0006362     | 0.001151    | 0.06317      | 95.67         | 0.02214      | 0.02153     | 0.08426        | 0.9314                 | 0.002949     | 747.85 | -230161.859978 |
| MAGICUSDT     | 0.001096      | 0.001094    | 0.07381      | 85.18         | 0.02212      | 0.02153     | 0.06995        | 0.968                  | 0.002691     | 154.87 | -230161.797444 |
| C98USDT       | 0.0005123     | 0.0008058   | 0.05277      | 93.78         | 0.01969      | 0.02244     | 0.07205        | 0.9587                 | 0.002746     | 673.85 | -230154.929341 |
| UNIUSDT       | 0.0009406     | 0.001657    | 0.1004       | 62.98         | 0.02132      | 0.02275     | 0.08006        | 0.9737                 | 0.001632     | 905.0  | -230150.165527 |
| MKRUSDT       | 0.0009974     | 0.001188    | 0.09762      | 59.5          | 0.02033      | 0.02309     | 0.09936        | 0.9686                 | 0.002581     | 905.0  | -230147.766555 |
| RUNEUSDT      | 0.0003908     | 0.001059    | 0.07         | 76.28         | 0.02637      | 0.02317     | 0.09643        | 0.9591                 | 0.002224     | 905.0  | -230141.273454 |
| PEOPLEUSDT    | 0.0009121     | 0.0009877   | 0.04115      | 75.48         | 0.01966      | 0.02478     | 0.07632        | 0.9599                 | 0.001764     | 551.83 | -230131.497272 |
| STXUSDT       | 0.001294      | 0.00184     | 0.1279       | 43.6          | 0.01992      | 0.02497     | 0.08935        | 0.9634                 | 0.003991     | 127.39 | -230129.064907 |
| ZILUSDT       | 0.0007851     | 0.0009686   | 0.0465       | 56.03         | 0.02008      | 0.02502     | 0.05554        | 0.9711                 | 0.001164     | 905.0  | -230129.005112 |
| ROSEUSDT      | 0.0008546     | 0.001201    | 0.06749      | 91.4          | 0.01592      | 0.02556     | 0.08242        | 0.9444                 | 0.004021     | 544.85 | -230123.739803 |
| CFXUSDT       | 0.0008176     | 0.001424    | 0.08904      | 42.35         | 0.02263      | 0.02566     | 0.06267        | 0.9706                 | 0.003829     | 128.39 | -230119.8449   |
| WAVESUSDT     | 0.001232      | 0.001335    | 0.0691       | 68.28         | 0.02155      | 0.02809     | 0.08944        | 0.9715                 | 0.001546     | 905.0  | -230096.828413 |
| BALUSDT       | 0.0005223     | 0.0008261   | 0.07701      | 71.97         | 0.02047      | 0.02991     | 0.0988         | 0.9263                 | 0.005437     | 905.0  | -230079.654606 |
| LINAUSDT      | 0.001025      | 0.001053    | 0.06163      | 67.63         | 0.02397      | 0.02977     | 0.09741        | 0.8877                 | 0.005844     | 831.71 | -230077.657431 |
| BANDUSDT      | 0.0008652     | 0.001832    | 0.08055      | 26.62         | 0.02241      | 0.03176     | 0.09764        | 0.8473                 | 0.008541     | 905.0  | -230059.145891 |
| YFIUSDT       | 0.001275      | 0.00256     | 0.1292       | 75.47         | 0.01799      | 0.02194     | 0.103          | 0.9382                 | 0.003088     | 905.0  | -229862.577309 |
| EGLDUSDT      | 0.0009361     | 0.001638    | 0.07948      | 79.22         | 0.01888      | 0.02267     | 0.1033         | 0.9354                 | 0.002964     | 905.0  | -229821.553842 |
| ANTUSDT       | 0.0008129     | 0.001407    | 0.1426       | 59.23         | 0.02533      | 0.03934     | 0.1059         | 0.9349                 | 0.00718      | 548.83 | -229390.380923 |
| STGUSDT       | 0.0007835     | 0.001283    | 0.1065       | 110.7         | 0.0195       | 0.03211     | 0.09267        | 0.953                  | 0.005057     | 307.5  | -228587.84668  |
| KSMUSDT       | 0.000855      | 0.001836    | 0.1046       | 78.82         | 0.0224       | 0.02205     | 0.1368         | 0.9712                 | 0.002187     | 905.0  | -226475.426139 |
| GALAUSDT      | 0.0006157     | 0.0007548   | 0.04955      | 78.25         | 0.02777      | 0.0542      | 0.1357         | 0.8982                 | 0.009392     | 648.85 | -226256.376726 |
| SXPUSDT       | -0.0002851    | 0.002211    | 0.1397       | 57.62         | 0.03886      | 0.09589     | 0.1587         | 0.748                  | 0.02497      | 905.0  | -223533.370969 |
| RNDRUSDT      | 0.0006317     | 0.0007385   | 0.09359      | 62.08         | 0.03175      | 0.03544     | 0.1799         | 0.9534                 | 0.005876     | 145.89 | -222025.828705 |
| ETCUSDT       | 0.0006438     | 0.0007637   | 0.04296      | 62.17         | 0.01852      | 0.02257     | 0.2224         | 0.9642                 | 0.002033     | 905.0  | -217912.347551 |
| MASKUSDT      | 0.001725      | 0.001682    | 0.135        | 66.55         | 0.03088      | 0.03639     | 0.2747         | 0.9351                 | 0.00602      | 670.85 | -212534.501156 |
| OPUSDT        | 0.0006624     | 0.0007583   | 0.09436      | 80.4          | 0.03939      | 0.07046     | 0.3017         | 0.8775                 | 0.01452      | 392.41 | -209484.800383 |
| AAVEUSDT      | 0.0009923     | 0.001937    | 0.1461       | 90.07         | 0.02682      | 0.0282      | 0.3708         | 0.9456                 | 0.003299     | 905.0  | -203009.072588 |
| AVAXUSDT      | 0.0006356     | 0.002835    | 0.1505       | 23.33         | 0.01963      | 0.02334     | 0.5369         | 0.9667                 | 0.002003     | 905.0  | -186455.670707 |
| SOLUSDT       | 0.0008702     | 0.001997    | 0.1895       | 40.0          | 0.02377      | 0.02695     | 0.5487         | 0.9351                 | 0.004058     | 905.0  | -185234.763079 |
| APTUSDT       | 0.0002618     | 0.0004431   | 0.02804      | 11.0          | 0.01883      | 0.0238      | 0.5773         | 0.9901                 | 0.0005661    | 252.92 | -182413.183424 |
| AXSUSDT       | 0.0003473     | 0.0008188   | 0.1473       | 23.38         | 0.01859      | 0.02476     | 0.8424         | 0.9694                 | 0.00174      | 905.0  | -155889.888339 |
| USDCUSDT      | -2.04e-07     | -2.04e-06   | 0.9108       | 88.65         | 0.004008     | 0.003564    | 1.0            | 0.9989                 | 0.0001265    | 108.29 | -140170.891918 |
| GMTUSDT       | 0.00123       | -0.0003425  | 0.2066       | 82.0          | 0.07339      | 0.1437      | 1.213          | 0.7226                 | 0.04626      | 470.83 | 94959.8671964  |
+---------------+---------------+-------------+--------------+---------------+--------------+-------------+----------------+------------------------+--------------+--------+----------------+

