+-------------------------------------------------------------------------------------------------------------------------------------------------------------------------+
|                                                                                   long                                                                                  |
+-----------+---------------+-------------+---------------+--------------+-------------+----------------+------------------------+--------------+--------+----------------+
| symbol    | adg_w_per_exp | adg_per_exp | hrs_stuck_max | pa_dist_mean | pa_dist_std | loss_profit_rt | eqbal_rt_10_worst_mean | eqbal_rt_std | n_days | score          |
+-----------+---------------+-------------+---------------+--------------+-------------+----------------+------------------------+--------------+--------+----------------+
| FETUSDT   | 0.01043       | 0.008311    | 69.73         | 0.01211      | 0.01969     | 0.1572         | 0.9391                 | 0.007075     | 114.89 | -56012.5104259 |
| APTUSDT   | 0.005461      | 0.004782    | 69.43         | 0.01183      | 0.01977     | 0.2391         | 0.9313                 | 0.005519     | 204.92 | -56012.5054613 |
| OPUSDT    | 0.004453      | 0.005349    | 30.45         | 0.01689      | 0.02401     | 0.1951         | 0.9096                 | 0.009922     | 344.41 | -56012.5044533 |
| ARUSDT    | 0.003154      | 0.003046    | 95.67         | 0.01188      | 0.01714     | 0.2762         | 0.9218                 | 0.004406     | 590.85 | -56012.5031542 |
| MATICUSDT | 0.002617      | 0.005066    | 61.42         | 0.01281      | 0.02276     | 0.2449         | 0.893                  | 0.0071       | 931.71 | -56012.5026172 |
| FTMUSDT   | 0.002121      | 0.00394     | 18.42         | 0.01269      | 0.01913     | 0.2929         | 0.8432                 | 0.007399     | 959.71 | -56012.5021214 |
+-----------+---------------+-------------+---------------+--------------+-------------+----------------+------------------------+--------------+--------+----------------+

+-------------------------------------------------------------------------------------------------------------------------------------------------------------------+
|                                                                               short                                                                               |
+-----------+---------------+-------------+---------------+--------------+-------------+----------------+------------------------+--------------+--------+----------+
| symbol    | adg_w_per_exp | adg_per_exp | hrs_stuck_max | pa_dist_mean | pa_dist_std | loss_profit_rt | eqbal_rt_10_worst_mean | eqbal_rt_std | n_days | score    |
+-----------+---------------+-------------+---------------+--------------+-------------+----------------+------------------------+--------------+--------+----------+
| MATICUSDT | 0.0           | 0.0         | 0.0           | 100.0        | 0.0         | 1.0            | 1.0                    | 0.0          | 931.71 | -19015.0 |
| APTUSDT   | 0.0           | 0.0         | 0.0           | 100.0        | 0.0         | 1.0            | 1.0                    | 0.0          | 204.92 | -19015.0 |
| FETUSDT   | 0.0           | 0.0         | 0.0           | 100.0        | 0.0         | 1.0            | 1.0                    | 0.0          | 114.89 | -19015.0 |
| ARUSDT    | 0.0           | 0.0         | 0.0           | 100.0        | 0.0         | 1.0            | 1.0                    | 0.0          | 590.85 | -19015.0 |
| FTMUSDT   | 0.0           | 0.0         | 0.0           | 100.0        | 0.0         | 1.0            | 1.0                    | 0.0          | 959.71 | -19015.0 |
| OPUSDT    | 0.0           | 0.0         | 0.0           | 100.0        | 0.0         | 1.0            | 1.0                    | 0.0          | 344.41 | -19015.0 |
+-----------+---------------+-------------+---------------+--------------+-------------+----------------+------------------------+--------------+--------+----------+

