+----------------------------------------------------------------------------------------------------------------------------------------------------------------------------+
|                                                                                    long                                                                                    |
+-------------+---------------+-------------+---------------+--------------+-------------+----------------+------------------------+--------------+---------+----------------+
| symbol      | adg_w_per_exp | adg_per_exp | hrs_stuck_max | pa_dist_mean | pa_dist_std | loss_profit_rt | eqbal_rt_10_worst_mean | eqbal_rt_std | n_days  | score          |
+-------------+---------------+-------------+---------------+--------------+-------------+----------------+------------------------+--------------+---------+----------------+
| FETUSDT     | 0.007658      | 0.006933    | 59.05         | 0.008563     | 0.01322     | 0.1322         | 0.9556                 | 0.004725     | 116.89  | -57518.0076583 |
| APTUSDT     | 0.003552      | 0.003351    | 49.0          | 0.00949      | 0.01422     | 0.1275         | 0.919                  | 0.004959     | 206.92  | -57518.0035515 |
| IMXUSDT     | 0.003238      | 0.003321    | 34.6          | 0.0115       | 0.01104     | 0.1267         | 0.9471                 | 0.003673     | 456.85  | -57518.0032378 |
| JASMYUSDT   | 0.003148      | 0.002631    | 58.78         | 0.01813      | 0.01943     | 0.1165         | 0.9432                 | 0.007929     | 388.85  | -57518.0031478 |
| CTSIUSDT    | 0.003121      | 0.002608    | 47.78         | 0.0155       | 0.01992     | 0.06507        | 0.9003                 | 0.006907     | 564.85  | -57518.0031208 |
| GALUSDT     | 0.002886      | 0.00357     | 46.62         | 0.01874      | 0.01873     | 0.01364        | 0.9456                 | 0.007661     | 373.41  | -57518.0028864 |
| OPUSDT      | 0.002769      | 0.00328     | 54.83         | 0.01239      | 0.01177     | 0.09577        | 0.9475                 | 0.003128     | 346.41  | -57518.0027692 |
| MTLUSDT     | 0.002727      | 0.002094    | 62.73         | 0.01927      | 0.01945     | 0.05881        | 0.9036                 | 0.006143     | 773.71  | -57518.0027269 |
| CELOUSDT    | 0.002677      | 0.002922    | 43.25         | 0.01144      | 0.01415     | 0.01205        | 0.9403                 | 0.005356     | 593.85  | -57518.0026766 |
| NKNUSDT     | 0.002432      | 0.003351    | 31.85         | 0.01557      | 0.01966     | 0.1137         | 0.8889                 | 0.0079       | 764.71  | -57518.0024324 |
| SOLUSDT     | 0.002421      | 0.003148    | 53.4          | 0.01113      | 0.01379     | 0.138          | 0.9142                 | 0.004742     | 971.71  | -57518.0024207 |
| ARPAUSDT    | 0.002405      | 0.002929    | 32.63         | 0.01206      | 0.01307     | 0.06379        | 0.9414                 | 0.004605     | 571.85  | -57518.0024049 |
| DYDXUSDT    | 0.00239       | 0.002423    | 41.28         | 0.01223      | 0.01157     | 0.1216         | 0.9316                 | 0.003462     | 610.85  | -57518.0023897 |
| WOOUSDT     | 0.002295      | 0.002251    | 28.1          | 0.01534      | 0.01932     | 0.1095         | 0.8793                 | 0.006584     | 400.85  | -57518.002295  |
| PEOPLEUSDT  | 0.002142      | 0.003141    | 54.17         | 0.01381      | 0.0137      | 0.1352         | 0.9503                 | 0.003341     | 505.83  | -57518.0021424 |
| DUSKUSDT    | 0.002129      | 0.002251    | 48.18         | 0.01062      | 0.01046     | 0.05316        | 0.9524                 | 0.002914     | 491.85  | -57518.0021294 |
| HBARUSDT    | 0.002129      | 0.003492    | 32.25         | 0.0116       | 0.01302     | 0.1453         | 0.9155                 | 0.004744     | 787.71  | -57518.0021288 |
| GRTUSDT     | 0.00212       | 0.003006    | 61.57         | 0.01345      | 0.01981     | 0.1353         | 0.8728                 | 0.005534     | 875.71  | -57518.0021204 |
| XMRUSDT     | 0.00211       | 0.001728    | 52.45         | 0.0123       | 0.01973     | 0.08803        | 0.851                  | 0.007698     | 1195.66 | -57518.0021102 |
| ROSEUSDT    | 0.002031      | 0.002517    | 48.2          | 0.01366      | 0.01888     | 0.111          | 0.9196                 | 0.008411     | 498.85  | -57518.0020306 |
| RVNUSDT     | 0.002         | 0.002518    | 66.32         | 0.01204      | 0.01844     | 0.1149         | 0.8926                 | 0.006199     | 809.71  | -57518.0019995 |
| DOGEUSDT    | 0.001995      | 0.003758    | 32.5          | 0.01227      | 0.01977     | 0.08563        | 0.8677                 | 0.008077     | 1037.62 | -57518.0019951 |
| MANAUSDT    | 0.001994      | 0.002695    | 73.95         | 0.01088      | 0.01976     | 0.1176         | 0.8795                 | 0.006861     | 789.71  | -57518.0019941 |
| CELRUSDT    | 0.001988      | 0.00281     | 57.77         | 0.01594      | 0.01831     | 0.01689        | 0.8982                 | 0.006615     | 775.71  | -57518.0019875 |
| ARUSDT      | 0.001985      | 0.002881    | 46.57         | 0.0126       | 0.0111      | 0.1152         | 0.9425                 | 0.002649     | 590.85  | -57518.0019853 |
| CTKUSDT     | 0.001876      | 0.002828    | 45.43         | 0.01601      | 0.01963     | 0.01682        | 0.905                  | 0.008197     | 905.71  | -57518.0018761 |
| HOTUSDT     | 0.001873      | 0.00342     | 61.77         | 0.0126       | 0.01932     | 0.07382        | 0.8849                 | 0.006288     | 774.71  | -57518.001873  |
| CHZUSDT     | 0.001855      | 0.002449    | 46.5          | 0.01266      | 0.01701     | 0.09025        | 0.8984                 | 0.004647     | 842.71  | -57518.0018552 |
| DENTUSDT    | 0.001845      | 0.002539    | 40.73         | 0.01489      | 0.01981     | 0.04678        | 0.8986                 | 0.008345     | 780.83  | -57518.0018452 |
| SNXUSDT     | 0.001831      | 0.002775    | 64.38         | 0.01413      | 0.01523     | 0.02867        | 0.9101                 | 0.004504     | 1002.7  | -57518.0018313 |
| DARUSDT     | 0.001765      | 0.001966    | 30.25         | 0.01006      | 0.01012     | 0.1337         | 0.9491                 | 0.003031     | 379.85  | -57518.0017648 |
| OCEANUSDT   | 0.001738      | 0.002342    | 31.35         | 0.0177       | 0.01743     | 0.02289        | 0.9176                 | 0.005642     | 921.71  | -57518.0017375 |
| ANTUSDT     | 0.001734      | 0.001535    | 48.63         | 0.01338      | 0.0133      | 0.1427         | 0.9538                 | 0.002928     | 502.83  | -57518.0017338 |
| COTIUSDT    | 0.001733      | 0.002395    | 51.38         | 0.01453      | 0.01855     | 0.1331         | 0.8873                 | 0.005652     | 794.71  | -57518.0017333 |
| MATICUSDT   | 0.001694      | 0.003692    | 30.1          | 0.01183      | 0.01557     | 0.1219         | 0.8782                 | 0.005455     | 933.71  | -57518.0016938 |
| LRCUSDT     | 0.001664      | 0.002927    | 30.53         | 0.0162       | 0.01828     | 0.1255         | 0.86                   | 0.006331     | 936.7   | -57518.0016637 |
| RLCUSDT     | 0.001643      | 0.002127    | 43.52         | 0.01613      | 0.01983     | 0.0998         | 0.883                  | 0.006853     | 979.71  | -57518.0016427 |
| MKRUSDT     | 0.001641      | 0.001995    | 77.22         | 0.01099      | 0.01487     | 0.1087         | 0.8749                 | 0.003821     | 1003.71 | -57518.0016409 |
| ENSUSDT     | 0.001618      | 0.002077    | 51.32         | 0.009906     | 0.01116     | 0.1463         | 0.9428                 | 0.003333     | 529.85  | -57518.001618  |
| APEUSDT     | 0.001609      | 0.002965    | 55.55         | 0.01194      | 0.01331     | 0.1392         | 0.9386                 | 0.00399      | 422.37  | -57518.0016086 |
| DGBUSDT     | 0.001603      | 0.002444    | 47.2          | 0.01479      | 0.01908     | 0.03682        | 0.8921                 | 0.005965     | 752.85  | -57518.0016026 |
| EGLDUSDT    | 0.001579      | 0.002508    | 48.45         | 0.01048      | 0.01572     | 0.04532        | 0.9075                 | 0.006006     | 971.71  | -57518.001579  |
| ALGOUSDT    | 0.001579      | 0.002402    | 35.82         | 0.01478      | 0.01708     | 0.0741         | 0.8946                 | 0.006522     | 1061.62 | -57518.0015789 |
| THETAUSDT   | 0.001575      | 0.002341    | 53.83         | 0.01065      | 0.01616     | 0.0523         | 0.8907                 | 0.005434     | 1081.66 | -57518.0015749 |
| OMGUSDT     | 0.001575      | 0.001624    | 61.82         | 0.01867      | 0.01891     | 0.05614        | 0.9077                 | 0.004824     | 1045.62 | -57518.0015747 |
| GMTUSDT     | 0.001566      | 0.002866    | 32.95         | 0.01001      | 0.0114      | 0.1119         | 0.94                   | 0.003836     | 424.83  | -57518.0015664 |
| SUSHIUSDT   | 0.001564      | 0.002676    | 61.72         | 0.01136      | 0.01941     | 0.05113        | 0.8764                 | 0.006153     | 981.71  | -57518.0015644 |
| IOSTUSDT    | 0.001556      | 0.001811    | 47.02         | 0.0177       | 0.01867     | 0.04422        | 0.8984                 | 0.006394     | 1177.66 | -57518.0015556 |
| TOMOUSDT    | 0.001546      | 0.002223    | 46.3          | 0.01529      | 0.01282     | 0.1461         | 0.9307                 | 0.003656     | 943.71  | -57518.0015465 |
| XRPUSDT     | 0.001534      | 0.001762    | 53.68         | 0.01113      | 0.01196     | 0.01702        | 0.9529                 | 0.003779     | 1223.65 | -57518.0015343 |
| ATOMUSDT    | 0.001517      | 0.002361    | 66.62         | 0.01161      | 0.01991     | 0.1318         | 0.851                  | 0.005416     | 1191.49 | -57518.0015174 |
| STMXUSDT    | 0.00151       | 0.002044    | 40.27         | 0.01582      | 0.01988     | 0.05517        | 0.8973                 | 0.007716     | 782.71  | -57518.0015102 |
| DOTUSDT     | 0.001508      | 0.00241     | 61.63         | 0.01068      | 0.01755     | 0.01222        | 0.9011                 | 0.005904     | 994.71  | -57518.0015085 |
| UNFIUSDT    | 0.0015        | 0.001716    | 47.58         | 0.01927      | 0.01858     | 0.03517        | 0.8967                 | 0.004988     | 813.71  | -57518.0015002 |
| ANKRUSDT    | 0.001489      | 0.00226     | 49.1          | 0.01925      | 0.01963     | 0.106          | 0.9112                 | 0.007329     | 835.71  | -57518.0014889 |
| AUDIOUSDT   | 0.001448      | 0.001598    | 50.47         | 0.01029      | 0.009993    | 0.09574        | 0.9488                 | 0.002476     | 630.85  | -57518.0014484 |
| REEFUSDT    | 0.001439      | 0.002557    | 53.15         | 0.009793     | 0.01243     | 0.1317         | 0.9159                 | 0.003197     | 810.7   | -57518.0014393 |
| TRBUSDT     | 0.001429      | 0.001897    | 34.2          | 0.01983      | 0.01961     | 0.1193         | 0.9135                 | 0.005806     | 982.71  | -57518.0014295 |
| ALPHAUSDT   | 0.001422      | 0.002323    | 56.28         | 0.01257      | 0.0162      | 0.03049        | 0.8741                 | 0.004412     | 901.71  | -57518.0014216 |
| RUNEUSDT    | 0.001418      | 0.001882    | 56.17         | 0.01804      | 0.01734     | 0.01469        | 0.9075                 | 0.004743     | 981.7   | -57518.0014177 |
| TRXUSDT     | 0.001415      | 0.001683    | 61.93         | 0.01179      | 0.01253     | 0.141          | 0.916                  | 0.003252     | 1214.66 | -57518.0014151 |
| QTUMUSDT    | 0.001398      | 0.00143     | 44.95         | 0.01833      | 0.01877     | 0.1122         | 0.8998                 | 0.006255     | 1178.66 | -57518.0013979 |
| LPTUSDT     | 0.001391      | 0.001659    | 37.55         | 0.01708      | 0.01995     | 0.1046         | 0.9002                 | 0.007079     | 548.85  | -57518.0013908 |
| API3USDT    | 0.001381      | 0.002255    | 21.53         | 0.01295      | 0.01189     | 0.1254         | 0.9487                 | 0.003139     | 443.85  | -57518.0013813 |
| CHRUSDT     | 0.001341      | 0.002893    | 54.05         | 0.0163       | 0.01963     | 0.03017        | 0.9188                 | 0.006769     | 790.71  | -57518.0013407 |
| AVAXUSDT    | 0.001326      | 0.002546    | 60.1          | 0.01062      | 0.01895     | 0.133          | 0.8766                 | 0.006179     | 960.71  | -57518.0013258 |
| 1INCHUSDT   | 0.001321      | 0.002206    | 53.28         | 0.009765     | 0.01219     | 0.1428         | 0.9163                 | 0.003065     | 869.58  | -57518.001321  |
| 1000XECUSDT | 0.001307      | 0.001953    | 46.98         | 0.008576     | 0.01078     | 0.1483         | 0.9282                 | 0.003315     | 601.85  | -57518.0013066 |
| UNIUSDT     | 0.001295      | 0.001822    | 54.93         | 0.01483      | 0.01878     | 0.1271         | 0.9015                 | 0.00538      | 967.71  | -57518.0012946 |
| LINKUSDT    | 0.001262      | 0.002083    | 37.68         | 0.0109       | 0.01431     | 0.1238         | 0.8893                 | 0.005214     | 1212.66 | -57518.0012621 |
| SKLUSDT     | 0.001251      | 0.002003    | 46.53         | 0.0118       | 0.01334     | 0.1403         | 0.9008                 | 0.003739     | 886.68  | -57518.0012509 |
| DASHUSDT    | 0.001245      | 0.001383    | 33.97         | 0.01531      | 0.01703     | 0.1127         | 0.8892                 | 0.006117     | 1194.66 | -57518.0012448 |
| BANDUSDT    | 0.001237      | 0.001709    | 75.85         | 0.01752      | 0.0199      | 0.1285         | 0.8941                 | 0.006872     | 1016.71 | -57518.0012372 |
| AXSUSDT     | 0.001237      | 0.002028    | 62.43         | 0.01787      | 0.01962     | 0.09569        | 0.8967                 | 0.006614     | 902.7   | -57518.0012369 |
| IOTXUSDT    | 0.001236      | 0.001511    | 20.73         | 0.01853      | 0.01938     | 0.0784         | 0.9143                 | 0.006101     | 639.85  | -57518.0012357 |
| KLAYUSDT    | 0.001227      | 0.001102    | 65.33         | 0.01428      | 0.01853     | 0.1233         | 0.9115                 | 0.006385     | 578.85  | -57518.0012266 |
| GTCUSDT     | 0.001207      | 0.00117     | 57.0          | 0.01842      | 0.01862     | 0.09245        | 0.9117                 | 0.004949     | 701.85  | -57518.0012073 |
| FILUSDT     | 0.001196      | 0.001664    | 46.58         | 0.006503     | 0.006662    | 0.1362         | 0.9609                 | 0.001432     | 939.75  | -57518.0011964 |
| GALAUSDT    | 0.001188      | 0.002117    | 33.2          | 0.008301     | 0.008645    | 0.1261         | 0.9322                 | 0.002211     | 602.85  | -57518.0011881 |
| ONEUSDT     | 0.001118      | 0.00238     | 34.3          | 0.01407      | 0.01884     | 0.1037         | 0.9044                 | 0.006336     | 786.71  | -57518.001118  |
| ZRXUSDT     | 0.001117      | 0.0014      | 49.15         | 0.01328      | 0.01282     | 0.1372         | 0.9276                 | 0.002806     | 1053.62 | -57518.0011173 |
| ZECUSDT     | 0.001107      | 0.00173     | 80.52         | 0.01562      | 0.01985     | 0.07911        | 0.9001                 | 0.006426     | 1193.66 | -57518.0011068 |
| BATUSDT     | 0.001102      | 0.001645    | 58.27         | 0.01895      | 0.01746     | 0.0465         | 0.9076                 | 0.006103     | 1185.66 | -57518.0011024 |
| ZENUSDT     | 0.001102      | 0.002538    | 57.03         | 0.009285     | 0.01068     | 0.1451         | 0.9241                 | 0.002592     | 900.71  | -57518.0011018 |
| ETCUSDT     | 0.0011        | 0.002012    | 61.22         | 0.01195      | 0.018       | 0.05859        | 0.861                  | 0.006539     | 1213.66 | -57518.0010997 |
| BNBUSDT     | 0.001093      | 0.001246    | 72.78         | 0.01474      | 0.01952     | 0.02508        | 0.875                  | 0.006814     | 1186.66 | -57518.0010931 |
| EOSUSDT     | 0.001088      | 0.001524    | 62.8          | 0.01301      | 0.01697     | 0.03366        | 0.9129                 | 0.006019     | 1221.66 | -57518.0010885 |
| ONTUSDT     | 0.001068      | 0.001267    | 45.97         | 0.01814      | 0.01953     | 0.02531        | 0.915                  | 0.006657     | 1187.66 | -57518.0010683 |
| BELUSDT     | 0.001028      | 0.00127     | 54.47         | 0.01994      | 0.0197      | 0.109          | 0.9061                 | 0.004142     | 906.71  | -57518.0010284 |
| XLMUSDT     | 0.001002      | 0.001394    | 65.52         | 0.01366      | 0.01964     | 0.129          | 0.8876                 | 0.005658     | 1209.66 | -57518.0010017 |
| LINAUSDT    | 0.0009942     | 0.001341    | 53.33         | 0.01988      | 0.01623     | 0.1112         | 0.9322                 | 0.003602     | 785.71  | -57518.0009942 |
| KNCUSDT     | 0.0009898     | 0.00168     | 83.7          | 0.01438      | 0.01506     | 0.09107        | 0.911                  | 0.003733     | 1055.63 | -57518.0009898 |
| BCHUSDT     | 0.0009694     | 0.001159    | 60.88         | 0.01407      | 0.01525     | 0.1256         | 0.9474                 | 0.002707     | 1229.0  | -57518.0009694 |
| ADAUSDT     | 0.0009679     | 0.001765    | 50.6          | 0.01007      | 0.01035     | 0.1446         | 0.9358                 | 0.002626     | 1198.66 | -57518.0009679 |
| XEMUSDT     | 0.0009576     | 0.001462    | 44.88         | 0.01502      | 0.01619     | 0.1168         | 0.913                  | 0.004956     | 801.71  | -57518.0009576 |
| ENJUSDT     | 0.000938      | 0.001461    | 50.5          | 0.01737      | 0.01901     | 0.1305         | 0.8788                 | 0.006616     | 956.71  | -57518.000938  |
| YFIUSDT     | 0.0009331     | 0.002243    | 48.4          | 0.01023      | 0.01272     | 0.1479         | 0.9036                 | 0.00322      | 985.71  | -57518.0009331 |
| NEARUSDT    | 0.0009313     | 0.00181     | 78.75         | 0.01307      | 0.01205     | 0.1128         | 0.9353                 | 0.002623     | 940.66  | -57518.0009313 |
| KSMUSDT     | 0.0008877     | 0.002829    | 53.65         | 0.009695     | 0.01064     | 0.1242         | 0.9277                 | 0.002474     | 941.71  | -57518.0008877 |
| COMPUSDT    | 0.0008821     | 0.001831    | 48.75         | 0.01225      | 0.01903     | 0.1161         | 0.891                  | 0.005841     | 1045.62 | -57518.0008821 |
| FTMUSDT     | 0.0008678     | 0.001676    | 64.18         | 0.01974      | 0.01933     | 0.06106        | 0.9134                 | 0.005601     | 961.71  | -57518.0008678 |
| AAVEUSDT    | 0.0008303     | 0.002434    | 44.07         | 0.01036      | 0.01112     | 0.1269         | 0.9191                 | 0.002826     | 939.71  | -57518.0008303 |
| XTZUSDT     | 0.0008259     | 0.00128     | 70.0          | 0.01538      | 0.01551     | 0.0289         | 0.9003                 | 0.003758     | 1192.66 | -57518.0008259 |
| RSRUSDT     | 0.0008251     | 0.001668    | 59.37         | 0.01811      | 0.01843     | 0.1002         | 0.8972                 | 0.004113     | 936.7   | -57518.0008251 |
| ZILUSDT     | 0.0007788     | 0.002347    | 69.37         | 0.01032      | 0.01235     | 0.1275         | 0.906                  | 0.002971     | 1059.62 | -57518.0007788 |
| C98USDT     | 0.0007758     | 0.001228    | 53.82         | 0.01175      | 0.01139     | 0.1432         | 0.9515                 | 0.002215     | 627.85  | -57518.0007758 |
| SFPUSDT     | 0.0007628     | 0.001327    | 56.62         | 0.01635      | 0.01786     | 0.1429         | 0.9111                 | 0.00412      | 808.71  | -57518.0007628 |
| FLOWUSDT    | 0.0007479     | 0.00135     | 72.67         | 0.01224      | 0.01065     | 0.1466         | 0.9638                 | 0.002413     | 457.85  | -57518.0007479 |
| SXPUSDT     | 0.0007277     | 0.001913    | 55.58         | 0.01508      | 0.01513     | 0.1137         | 0.9158                 | 0.003165     | 1026.62 | -57518.0007277 |
| IOTAUSDT    | 0.0007187     | 0.001523    | 60.87         | 0.01699      | 0.01941     | 0.06674        | 0.8927                 | 0.00667      | 1186.66 | -57518.0007187 |
| VETUSDT     | 0.000712      | 0.002404    | 46.23         | 0.009871     | 0.01138     | 0.1095         | 0.8763                 | 0.00284      | 1184.66 | -57518.000712  |
| RENUSDT     | 0.0007075     | 0.001139    | 39.75         | 0.01482      | 0.01409     | 0.1394         | 0.9353                 | 0.002079     | 942.71  | -57518.0007075 |
| LITUSDT     | 0.0006854     | 0.00152     | 56.07         | 0.01737      | 0.01768     | 0.1468         | 0.9028                 | 0.004681     | 814.71  | -57518.0006854 |
| SANDUSDT    | 0.0006758     | 0.002088    | 58.08         | 0.01209      | 0.01289     | 0.1468         | 0.9239                 | 0.00293      | 838.71  | -57518.0006758 |
| MASKUSDT    | 0.0006546     | 0.001192    | 63.13         | 0.01434      | 0.01328     | 0.1463         | 0.9516                 | 0.001712     | 624.85  | -57518.0006546 |
| LTCUSDT     | 0.0006146     | 0.001027    | 52.32         | 0.01401      | 0.01363     | 0.1481         | 0.9301                 | 0.002604     | 1220.66 | -57518.0006146 |
| ALICEUSDT   | 0.0006132     | 0.001611    | 60.72         | 0.01871      | 0.0182      | 0.1401         | 0.9248                 | 0.003356     | 788.87  | -57518.0006132 |
| KAVAUSDT    | 0.0005916     | 0.001722    | 24.47         | 0.01471      | 0.01384     | 0.142          | 0.9228                 | 0.002765     | 1019.7  | -57518.0005916 |
| CRVUSDT     | 0.0005635     | 0.001372    | 50.53         | 0.01999      | 0.01834     | 0.1496         | 0.9253                 | 0.004132     | 984.71  | -57518.0005635 |
| OGNUSDT     | 0.0005501     | 0.001785    | 53.92         | 0.01085      | 0.01317     | 0.1348         | 0.9194                 | 0.002807     | 772.71  | -57518.0005501 |
| ICXUSDT     | 0.0005396     | 0.001175    | 54.57         | 0.01828      | 0.01529     | 0.1444         | 0.9319                 | 0.002755     | 970.71  | -57518.0005396 |
| BAKEUSDT    | 0.0005222     | 0.001366    | 52.05         | 0.01467      | 0.01584     | 0.149          | 0.9062                 | 0.003702     | 724.71  | -57518.0005222 |
| BLZUSDT     | 0.0005133     | 0.001152    | 51.65         | 0.01899      | 0.01721     | 0.1347         | 0.9145                 | 0.003179     | 966.7   | -57518.0005133 |
| BALUSDT     | 0.0004805     | 0.001578    | 46.85         | 0.01049      | 0.009521    | 0.08924        | 0.9486                 | 0.001531     | 982.71  | -57518.0004805 |
| NEOUSDT     | 0.000454      | 0.001395    | 64.1          | 0.007598     | 0.008589    | 0.1326         | 0.9433                 | 0.001491     | 1181.63 | -57518.000454  |
| STORJUSDT   | 0.0004396     | 0.001305    | 70.75         | 0.01326      | 0.01335     | 0.1346         | 0.9233                 | 0.002358     | 969.7   | -57518.0004396 |
| ETHUSDT     | 0.0003914     | 0.001086    | 75.57         | 0.01328      | 0.01311     | 0.1478         | 0.9265                 | 0.002439     | 1229.0  | -57518.0003914 |
| WAVESUSDT   | 0.0003755     | 0.0008893   | 70.58         | 0.01405      | 0.01398     | 0.1069         | 0.9351                 | 0.001651     | 1004.71 | -57518.0003755 |
| FLMUSDT     | 0.0002639     | 0.0008961   | 52.47         | 0.0183       | 0.01551     | 0.09786        | 0.9466                 | 0.001717     | 956.71  | -57518.0002639 |
| BTCUSDT     | 0.0002567     | 0.0008679   | 84.42         | 0.01117      | 0.01081     | 0.1515         | 0.9558                 | 0.001536     | 1229.0  | -57503.3980709 |
+-------------+---------------+-------------+---------------+--------------+-------------+----------------+------------------------+--------------+---------+----------------+

+---------------------------------------------------------------------------------------------------------------------------------------------------------------------+
|                                                                                short                                                                                |
+-------------+---------------+-------------+---------------+--------------+-------------+----------------+------------------------+--------------+---------+---------+
| symbol      | adg_w_per_exp | adg_per_exp | hrs_stuck_max | pa_dist_mean | pa_dist_std | loss_profit_rt | eqbal_rt_10_worst_mean | eqbal_rt_std | n_days  | score   |
+-------------+---------------+-------------+---------------+--------------+-------------+----------------+------------------------+--------------+---------+---------+
| NKNUSDT     | 0.0           | 0.0         | 0.0           | 100.0        | 0.0         | 1.0            | 1.0                    | 0.0          | 764.71  | -4020.0 |
| COMPUSDT    | 0.0           | 0.0         | 0.0           | 100.0        | 0.0         | 1.0            | 1.0                    | 0.0          | 1045.62 | -4020.0 |
| FILUSDT     | 0.0           | 0.0         | 0.0           | 100.0        | 0.0         | 1.0            | 1.0                    | 0.0          | 939.75  | -4020.0 |
| SUSHIUSDT   | 0.0           | 0.0         | 0.0           | 100.0        | 0.0         | 1.0            | 1.0                    | 0.0          | 981.71  | -4020.0 |
| TRBUSDT     | 0.0           | 0.0         | 0.0           | 100.0        | 0.0         | 1.0            | 1.0                    | 0.0          | 982.71  | -4020.0 |
| RENUSDT     | 0.0           | 0.0         | 0.0           | 100.0        | 0.0         | 1.0            | 1.0                    | 0.0          | 942.71  | -4020.0 |
| CELOUSDT    | 0.0           | 0.0         | 0.0           | 100.0        | 0.0         | 1.0            | 1.0                    | 0.0          | 593.85  | -4020.0 |
| XRPUSDT     | 0.0           | 0.0         | 0.0           | 100.0        | 0.0         | 1.0            | 1.0                    | 0.0          | 1223.65 | -4020.0 |
| FLOWUSDT    | 0.0           | 0.0         | 0.0           | 100.0        | 0.0         | 1.0            | 1.0                    | 0.0          | 457.85  | -4020.0 |
| EOSUSDT     | 0.0           | 0.0         | 0.0           | 100.0        | 0.0         | 1.0            | 1.0                    | 0.0          | 1221.66 | -4020.0 |
| 1INCHUSDT   | 0.0           | 0.0         | 0.0           | 100.0        | 0.0         | 1.0            | 1.0                    | 0.0          | 869.58  | -4020.0 |
| ROSEUSDT    | 0.0           | 0.0         | 0.0           | 100.0        | 0.0         | 1.0            | 1.0                    | 0.0          | 498.85  | -4020.0 |
| AUDIOUSDT   | 0.0           | 0.0         | 0.0           | 100.0        | 0.0         | 1.0            | 1.0                    | 0.0          | 630.85  | -4020.0 |
| IMXUSDT     | 0.0           | 0.0         | 0.0           | 100.0        | 0.0         | 1.0            | 1.0                    | 0.0          | 456.85  | -4020.0 |
| C98USDT     | 0.0           | 0.0         | 0.0           | 100.0        | 0.0         | 1.0            | 1.0                    | 0.0          | 627.85  | -4020.0 |
| MTLUSDT     | 0.0           | 0.0         | 0.0           | 100.0        | 0.0         | 1.0            | 1.0                    | 0.0          | 773.71  | -4020.0 |
| AXSUSDT     | 0.0           | 0.0         | 0.0           | 100.0        | 0.0         | 1.0            | 1.0                    | 0.0          | 902.7   | -4020.0 |
| CHRUSDT     | 0.0           | 0.0         | 0.0           | 100.0        | 0.0         | 1.0            | 1.0                    | 0.0          | 790.71  | -4020.0 |
| CTSIUSDT    | 0.0           | 0.0         | 0.0           | 100.0        | 0.0         | 1.0            | 1.0                    | 0.0          | 564.85  | -4020.0 |
| KSMUSDT     | 0.0           | 0.0         | 0.0           | 100.0        | 0.0         | 1.0            | 1.0                    | 0.0          | 941.71  | -4020.0 |
| ATOMUSDT    | 0.0           | 0.0         | 0.0           | 100.0        | 0.0         | 1.0            | 1.0                    | 0.0          | 1191.49 | -4020.0 |
| ZRXUSDT     | 0.0           | 0.0         | 0.0           | 100.0        | 0.0         | 1.0            | 1.0                    | 0.0          | 1053.62 | -4020.0 |
| TRXUSDT     | 0.0           | 0.0         | 0.0           | 100.0        | 0.0         | 1.0            | 1.0                    | 0.0          | 1214.66 | -4020.0 |
| BATUSDT     | 0.0           | 0.0         | 0.0           | 100.0        | 0.0         | 1.0            | 1.0                    | 0.0          | 1185.66 | -4020.0 |
| CELRUSDT    | 0.0           | 0.0         | 0.0           | 100.0        | 0.0         | 1.0            | 1.0                    | 0.0          | 775.71  | -4020.0 |
| JASMYUSDT   | 0.0           | 0.0         | 0.0           | 100.0        | 0.0         | 1.0            | 1.0                    | 0.0          | 388.85  | -4020.0 |
| REEFUSDT    | 0.0           | 0.0         | 0.0           | 100.0        | 0.0         | 1.0            | 1.0                    | 0.0          | 810.7   | -4020.0 |
| MATICUSDT   | 0.0           | 0.0         | 0.0           | 100.0        | 0.0         | 1.0            | 1.0                    | 0.0          | 933.71  | -4020.0 |
| BALUSDT     | 0.0           | 0.0         | 0.0           | 100.0        | 0.0         | 1.0            | 1.0                    | 0.0          | 982.71  | -4020.0 |
| SKLUSDT     | 0.0           | 0.0         | 0.0           | 100.0        | 0.0         | 1.0            | 1.0                    | 0.0          | 886.68  | -4020.0 |
| RUNEUSDT    | 0.0           | 0.0         | 0.0           | 100.0        | 0.0         | 1.0            | 1.0                    | 0.0          | 981.7   | -4020.0 |
| CTKUSDT     | 0.0           | 0.0         | 0.0           | 100.0        | 0.0         | 1.0            | 1.0                    | 0.0          | 905.71  | -4020.0 |
| NEARUSDT    | 0.0           | 0.0         | 0.0           | 100.0        | 0.0         | 1.0            | 1.0                    | 0.0          | 940.66  | -4020.0 |
| SXPUSDT     | 0.0           | 0.0         | 0.0           | 100.0        | 0.0         | 1.0            | 1.0                    | 0.0          | 1026.62 | -4020.0 |
| WAVESUSDT   | 0.0           | 0.0         | 0.0           | 100.0        | 0.0         | 1.0            | 1.0                    | 0.0          | 1004.71 | -4020.0 |
| OMGUSDT     | 0.0           | 0.0         | 0.0           | 100.0        | 0.0         | 1.0            | 1.0                    | 0.0          | 1045.62 | -4020.0 |
| HBARUSDT    | 0.0           | 0.0         | 0.0           | 100.0        | 0.0         | 1.0            | 1.0                    | 0.0          | 787.71  | -4020.0 |
| MASKUSDT    | 0.0           | 0.0         | 0.0           | 100.0        | 0.0         | 1.0            | 1.0                    | 0.0          | 624.85  | -4020.0 |
| FLMUSDT     | 0.0           | 0.0         | 0.0           | 100.0        | 0.0         | 1.0            | 1.0                    | 0.0          | 956.71  | -4020.0 |
| ALGOUSDT    | 0.0           | 0.0         | 0.0           | 100.0        | 0.0         | 1.0            | 1.0                    | 0.0          | 1061.62 | -4020.0 |
| ONTUSDT     | 0.0           | 0.0         | 0.0           | 100.0        | 0.0         | 1.0            | 1.0                    | 0.0          | 1187.66 | -4020.0 |
| ANKRUSDT    | 0.0           | 0.0         | 0.0           | 100.0        | 0.0         | 1.0            | 1.0                    | 0.0          | 835.71  | -4020.0 |
| RSRUSDT     | 0.0           | 0.0         | 0.0           | 100.0        | 0.0         | 1.0            | 1.0                    | 0.0          | 936.7   | -4020.0 |
| ZENUSDT     | 0.0           | 0.0         | 0.0           | 100.0        | 0.0         | 1.0            | 1.0                    | 0.0          | 900.71  | -4020.0 |
| APEUSDT     | 0.0           | 0.0         | 0.0           | 100.0        | 0.0         | 1.0            | 1.0                    | 0.0          | 422.37  | -4020.0 |
| EGLDUSDT    | 0.0           | 0.0         | 0.0           | 100.0        | 0.0         | 1.0            | 1.0                    | 0.0          | 971.71  | -4020.0 |
| ETHUSDT     | 0.0           | 0.0         | 0.0           | 100.0        | 0.0         | 1.0            | 1.0                    | 0.0          | 1229.0  | -4020.0 |
| SNXUSDT     | 0.0           | 0.0         | 0.0           | 100.0        | 0.0         | 1.0            | 1.0                    | 0.0          | 1002.7  | -4020.0 |
| APTUSDT     | 0.0           | 0.0         | 0.0           | 100.0        | 0.0         | 1.0            | 1.0                    | 0.0          | 206.92  | -4020.0 |
| MANAUSDT    | 0.0           | 0.0         | 0.0           | 100.0        | 0.0         | 1.0            | 1.0                    | 0.0          | 789.71  | -4020.0 |
| XTZUSDT     | 0.0           | 0.0         | 0.0           | 100.0        | 0.0         | 1.0            | 1.0                    | 0.0          | 1192.66 | -4020.0 |
| BCHUSDT     | 0.0           | 0.0         | 0.0           | 100.0        | 0.0         | 1.0            | 1.0                    | 0.0          | 1229.0  | -4020.0 |
| GRTUSDT     | 0.0           | 0.0         | 0.0           | 100.0        | 0.0         | 1.0            | 1.0                    | 0.0          | 875.71  | -4020.0 |
| IOSTUSDT    | 0.0           | 0.0         | 0.0           | 100.0        | 0.0         | 1.0            | 1.0                    | 0.0          | 1177.66 | -4020.0 |
| ALPHAUSDT   | 0.0           | 0.0         | 0.0           | 100.0        | 0.0         | 1.0            | 1.0                    | 0.0          | 901.71  | -4020.0 |
| DGBUSDT     | 0.0           | 0.0         | 0.0           | 100.0        | 0.0         | 1.0            | 1.0                    | 0.0          | 752.85  | -4020.0 |
| AVAXUSDT    | 0.0           | 0.0         | 0.0           | 100.0        | 0.0         | 1.0            | 1.0                    | 0.0          | 960.71  | -4020.0 |
| UNIUSDT     | 0.0           | 0.0         | 0.0           | 100.0        | 0.0         | 1.0            | 1.0                    | 0.0          | 967.71  | -4020.0 |
| SFPUSDT     | 0.0           | 0.0         | 0.0           | 100.0        | 0.0         | 1.0            | 1.0                    | 0.0          | 808.71  | -4020.0 |
| ADAUSDT     | 0.0           | 0.0         | 0.0           | 100.0        | 0.0         | 1.0            | 1.0                    | 0.0          | 1198.66 | -4020.0 |
| BELUSDT     | 0.0           | 0.0         | 0.0           | 100.0        | 0.0         | 1.0            | 1.0                    | 0.0          | 906.71  | -4020.0 |
| DYDXUSDT    | 0.0           | 0.0         | 0.0           | 100.0        | 0.0         | 1.0            | 1.0                    | 0.0          | 610.85  | -4020.0 |
| FETUSDT     | 0.0           | 0.0         | 0.0           | 100.0        | 0.0         | 1.0            | 1.0                    | 0.0          | 116.89  | -4020.0 |
| QTUMUSDT    | 0.0           | 0.0         | 0.0           | 100.0        | 0.0         | 1.0            | 1.0                    | 0.0          | 1178.66 | -4020.0 |
| XEMUSDT     | 0.0           | 0.0         | 0.0           | 100.0        | 0.0         | 1.0            | 1.0                    | 0.0          | 801.71  | -4020.0 |
| ETCUSDT     | 0.0           | 0.0         | 0.0           | 100.0        | 0.0         | 1.0            | 1.0                    | 0.0          | 1213.66 | -4020.0 |
| 1000XECUSDT | 0.0           | 0.0         | 0.0           | 100.0        | 0.0         | 1.0            | 1.0                    | 0.0          | 601.85  | -4020.0 |
| UNFIUSDT    | 0.0           | 0.0         | 0.0           | 100.0        | 0.0         | 1.0            | 1.0                    | 0.0          | 813.71  | -4020.0 |
| CHZUSDT     | 0.0           | 0.0         | 0.0           | 100.0        | 0.0         | 1.0            | 1.0                    | 0.0          | 842.71  | -4020.0 |
| ARUSDT      | 0.0           | 0.0         | 0.0           | 100.0        | 0.0         | 1.0            | 1.0                    | 0.0          | 590.85  | -4020.0 |
| LINAUSDT    | 0.0           | 0.0         | 0.0           | 100.0        | 0.0         | 1.0            | 1.0                    | 0.0          | 785.71  | -4020.0 |
| NEOUSDT     | 0.0           | 0.0         | 0.0           | 100.0        | 0.0         | 1.0            | 1.0                    | 0.0          | 1181.63 | -4020.0 |
| SOLUSDT     | 0.0           | 0.0         | 0.0           | 100.0        | 0.0         | 1.0            | 1.0                    | 0.0          | 971.71  | -4020.0 |
| WOOUSDT     | 0.0           | 0.0         | 0.0           | 100.0        | 0.0         | 1.0            | 1.0                    | 0.0          | 400.85  | -4020.0 |
| DENTUSDT    | 0.0           | 0.0         | 0.0           | 100.0        | 0.0         | 1.0            | 1.0                    | 0.0          | 780.83  | -4020.0 |
| RVNUSDT     | 0.0           | 0.0         | 0.0           | 100.0        | 0.0         | 1.0            | 1.0                    | 0.0          | 809.71  | -4020.0 |
| HOTUSDT     | 0.0           | 0.0         | 0.0           | 100.0        | 0.0         | 1.0            | 1.0                    | 0.0          | 774.71  | -4020.0 |
| FTMUSDT     | 0.0           | 0.0         | 0.0           | 100.0        | 0.0         | 1.0            | 1.0                    | 0.0          | 961.71  | -4020.0 |
| BAKEUSDT    | 0.0           | 0.0         | 0.0           | 100.0        | 0.0         | 1.0            | 1.0                    | 0.0          | 724.71  | -4020.0 |
| ENSUSDT     | 0.0           | 0.0         | 0.0           | 100.0        | 0.0         | 1.0            | 1.0                    | 0.0          | 529.85  | -4020.0 |
| BNBUSDT     | 0.0           | 0.0         | 0.0           | 100.0        | 0.0         | 1.0            | 1.0                    | 0.0          | 1186.66 | -4020.0 |
| COTIUSDT    | 0.0           | 0.0         | 0.0           | 100.0        | 0.0         | 1.0            | 1.0                    | 0.0          | 794.71  | -4020.0 |
| API3USDT    | 0.0           | 0.0         | 0.0           | 100.0        | 0.0         | 1.0            | 1.0                    | 0.0          | 443.85  | -4020.0 |
| ICXUSDT     | 0.0           | 0.0         | 0.0           | 100.0        | 0.0         | 1.0            | 1.0                    | 0.0          | 970.71  | -4020.0 |
| BTCUSDT     | 0.0           | 0.0         | 0.0           | 100.0        | 0.0         | 1.0            | 1.0                    | 0.0          | 1229.0  | -4020.0 |
| KNCUSDT     | 0.0           | 0.0         | 0.0           | 100.0        | 0.0         | 1.0            | 1.0                    | 0.0          | 1055.63 | -4020.0 |
| IOTAUSDT    | 0.0           | 0.0         | 0.0           | 100.0        | 0.0         | 1.0            | 1.0                    | 0.0          | 1186.66 | -4020.0 |
| TOMOUSDT    | 0.0           | 0.0         | 0.0           | 100.0        | 0.0         | 1.0            | 1.0                    | 0.0          | 943.71  | -4020.0 |
| ANTUSDT     | 0.0           | 0.0         | 0.0           | 100.0        | 0.0         | 1.0            | 1.0                    | 0.0          | 502.83  | -4020.0 |
| KAVAUSDT    | 0.0           | 0.0         | 0.0           | 100.0        | 0.0         | 1.0            | 1.0                    | 0.0          | 1019.7  | -4020.0 |
| KLAYUSDT    | 0.0           | 0.0         | 0.0           | 100.0        | 0.0         | 1.0            | 1.0                    | 0.0          | 578.85  | -4020.0 |
| YFIUSDT     | 0.0           | 0.0         | 0.0           | 100.0        | 0.0         | 1.0            | 1.0                    | 0.0          | 985.71  | -4020.0 |
| BANDUSDT    | 0.0           | 0.0         | 0.0           | 100.0        | 0.0         | 1.0            | 1.0                    | 0.0          | 1016.71 | -4020.0 |
| ZECUSDT     | 0.0           | 0.0         | 0.0           | 100.0        | 0.0         | 1.0            | 1.0                    | 0.0          | 1193.66 | -4020.0 |
| LTCUSDT     | 0.0           | 0.0         | 0.0           | 100.0        | 0.0         | 1.0            | 1.0                    | 0.0          | 1220.66 | -4020.0 |
| LINKUSDT    | 0.0           | 0.0         | 0.0           | 100.0        | 0.0         | 1.0            | 1.0                    | 0.0          | 1212.66 | -4020.0 |
| STMXUSDT    | 0.0           | 0.0         | 0.0           | 100.0        | 0.0         | 1.0            | 1.0                    | 0.0          | 782.71  | -4020.0 |
| MKRUSDT     | 0.0           | 0.0         | 0.0           | 100.0        | 0.0         | 1.0            | 1.0                    | 0.0          | 1003.71 | -4020.0 |
| XLMUSDT     | 0.0           | 0.0         | 0.0           | 100.0        | 0.0         | 1.0            | 1.0                    | 0.0          | 1209.66 | -4020.0 |
| OCEANUSDT   | 0.0           | 0.0         | 0.0           | 100.0        | 0.0         | 1.0            | 1.0                    | 0.0          | 921.71  | -4020.0 |
| ENJUSDT     | 0.0           | 0.0         | 0.0           | 100.0        | 0.0         | 1.0            | 1.0                    | 0.0          | 956.71  | -4020.0 |
| PEOPLEUSDT  | 0.0           | 0.0         | 0.0           | 100.0        | 0.0         | 1.0            | 1.0                    | 0.0          | 505.83  | -4020.0 |
| DASHUSDT    | 0.0           | 0.0         | 0.0           | 100.0        | 0.0         | 1.0            | 1.0                    | 0.0          | 1194.66 | -4020.0 |
| IOTXUSDT    | 0.0           | 0.0         | 0.0           | 100.0        | 0.0         | 1.0            | 1.0                    | 0.0          | 639.85  | -4020.0 |
| OGNUSDT     | 0.0           | 0.0         | 0.0           | 100.0        | 0.0         | 1.0            | 1.0                    | 0.0          | 772.71  | -4020.0 |
| STORJUSDT   | 0.0           | 0.0         | 0.0           | 100.0        | 0.0         | 1.0            | 1.0                    | 0.0          | 969.7   | -4020.0 |
| THETAUSDT   | 0.0           | 0.0         | 0.0           | 100.0        | 0.0         | 1.0            | 1.0                    | 0.0          | 1081.66 | -4020.0 |
| DOTUSDT     | 0.0           | 0.0         | 0.0           | 100.0        | 0.0         | 1.0            | 1.0                    | 0.0          | 994.71  | -4020.0 |
| ALICEUSDT   | 0.0           | 0.0         | 0.0           | 100.0        | 0.0         | 1.0            | 1.0                    | 0.0          | 788.87  | -4020.0 |
| LPTUSDT     | 0.0           | 0.0         | 0.0           | 100.0        | 0.0         | 1.0            | 1.0                    | 0.0          | 548.85  | -4020.0 |
| DARUSDT     | 0.0           | 0.0         | 0.0           | 100.0        | 0.0         | 1.0            | 1.0                    | 0.0          | 379.85  | -4020.0 |
| GALUSDT     | 0.0           | 0.0         | 0.0           | 100.0        | 0.0         | 1.0            | 1.0                    | 0.0          | 373.41  | -4020.0 |
| GMTUSDT     | 0.0           | 0.0         | 0.0           | 100.0        | 0.0         | 1.0            | 1.0                    | 0.0          | 424.83  | -4020.0 |
| DUSKUSDT    | 0.0           | 0.0         | 0.0           | 100.0        | 0.0         | 1.0            | 1.0                    | 0.0          | 491.85  | -4020.0 |
| DOGEUSDT    | 0.0           | 0.0         | 0.0           | 100.0        | 0.0         | 1.0            | 1.0                    | 0.0          | 1037.62 | -4020.0 |
| ONEUSDT     | 0.0           | 0.0         | 0.0           | 100.0        | 0.0         | 1.0            | 1.0                    | 0.0          | 786.71  | -4020.0 |
| LRCUSDT     | 0.0           | 0.0         | 0.0           | 100.0        | 0.0         | 1.0            | 1.0                    | 0.0          | 936.7   | -4020.0 |
| GTCUSDT     | 0.0           | 0.0         | 0.0           | 100.0        | 0.0         | 1.0            | 1.0                    | 0.0          | 701.85  | -4020.0 |
| GALAUSDT    | 0.0           | 0.0         | 0.0           | 100.0        | 0.0         | 1.0            | 1.0                    | 0.0          | 602.85  | -4020.0 |
| CRVUSDT     | 0.0           | 0.0         | 0.0           | 100.0        | 0.0         | 1.0            | 1.0                    | 0.0          | 984.71  | -4020.0 |
| LITUSDT     | 0.0           | 0.0         | 0.0           | 100.0        | 0.0         | 1.0            | 1.0                    | 0.0          | 814.71  | -4020.0 |
| BLZUSDT     | 0.0           | 0.0         | 0.0           | 100.0        | 0.0         | 1.0            | 1.0                    | 0.0          | 966.7   | -4020.0 |
| AAVEUSDT    | 0.0           | 0.0         | 0.0           | 100.0        | 0.0         | 1.0            | 1.0                    | 0.0          | 939.71  | -4020.0 |
| VETUSDT     | 0.0           | 0.0         | 0.0           | 100.0        | 0.0         | 1.0            | 1.0                    | 0.0          | 1184.66 | -4020.0 |
| OPUSDT      | 0.0           | 0.0         | 0.0           | 100.0        | 0.0         | 1.0            | 1.0                    | 0.0          | 346.41  | -4020.0 |
| SANDUSDT    | 0.0           | 0.0         | 0.0           | 100.0        | 0.0         | 1.0            | 1.0                    | 0.0          | 838.71  | -4020.0 |
| ZILUSDT     | 0.0           | 0.0         | 0.0           | 100.0        | 0.0         | 1.0            | 1.0                    | 0.0          | 1059.62 | -4020.0 |
| RLCUSDT     | 0.0           | 0.0         | 0.0           | 100.0        | 0.0         | 1.0            | 1.0                    | 0.0          | 979.71  | -4020.0 |
| XMRUSDT     | 0.0           | 0.0         | 0.0           | 100.0        | 0.0         | 1.0            | 1.0                    | 0.0          | 1195.66 | -4020.0 |
| ARPAUSDT    | 0.0           | 0.0         | 0.0           | 100.0        | 0.0         | 1.0            | 1.0                    | 0.0          | 571.85  | -4020.0 |
+-------------+---------------+-------------+---------------+--------------+-------------+----------------+------------------------+--------------+---------+---------+

