+--------------------------------------------------------------------------------------------------------------------------------------------------------------------------------------------+
|                                                                                            long                                                                                            |
+---------------+---------------+-------------+--------------+---------------+--------------+-------------+----------------+------------------------+--------------+--------+----------------+
| symbol        | adg_w_per_exp | adg_per_exp | exp_rts_mean | hrs_stuck_max | pa_dist_mean | pa_dist_std | loss_profit_rt | eqbal_rt_10_worst_mean | eqbal_rt_std | n_days | score          |
+---------------+---------------+-------------+--------------+---------------+--------------+-------------+----------------+------------------------+--------------+--------+----------------+
| MAVUSDT       | 0.006367      | 0.0204      | 0.05204      | 4.333         | 0.007148     | 0.006018    | 0.0            | 0.9992                 | 0.001059     | 1.5    | -230179.256367 |
| COMBOUSDT     | 0.0044        | 0.002373    | 0.05524      | 20.0          | 0.01999      | 0.01562     | 0.003589       | 0.99                   | 0.00183      | 28.5   | -230179.2544   |
| EDUUSDT       | 0.003366      | 0.002799    | 0.05454      | 30.75         | 0.009723     | 0.008564    | 0.001042       | 0.9855                 | 0.001614     | 61.5   | -230179.253366 |
| 1000FLOKIUSDT | 0.00242       | 0.001915    | 0.06841      | 21.97         | 0.01135      | 0.009432    | 0.001419       | 0.9837                 | 0.001907     | 55.31  | -230179.25242  |
| 1000PEPEUSDT  | 0.002314      | 0.003813    | 0.03806      | 16.28         | 0.01148      | 0.011       | 0.006643       | 0.9777                 | 0.002606     | 56.31  | -230179.252314 |
| AMBUSDT       | 0.002248      | 0.002071    | 0.06919      | 24.27         | 0.01414      | 0.01103     | 0.0329         | 0.9624                 | 0.003301     | 92.5   | -230179.252248 |
| KEYUSDT       | 0.002117      | 0.001932    | 0.07192      | 10.8          | 0.009658     | 0.007664    | 0.008308       | 0.9821                 | 0.002299     | 37.5   | -230179.252117 |
| BLURUSDT      | 0.002074      | 0.001911    | 0.05445      | 28.97         | 0.009942     | 0.008645    | 0.004543       | 0.9924                 | 0.0009082    | 63.5   | -230179.252074 |
| IDUSDT        | 0.002051      | 0.001753    | 0.05338      | 65.77         | 0.01355      | 0.009709    | 0.005914       | 0.9885                 | 0.00141      | 99.39  | -230179.252051 |
| RNDRUSDT      | 0.002036      | 0.002151    | 0.05406      | 55.1          | 0.01187      | 0.01402     | 0.02019        | 0.9444                 | 0.005583     | 147.89 | -230179.252036 |
| NKNUSDT       | 0.001793      | 0.002362    | 0.06804      | 58.77         | 0.01278      | 0.01867     | 0.01813        | 0.8592                 | 0.007203     | 791.0  | -230179.251793 |
| CFXUSDT       | 0.001723      | 0.001189    | 0.06136      | 64.23         | 0.01933      | 0.01731     | 0.02196        | 0.9583                 | 0.004549     | 130.39 | -230179.251723 |
| GRTUSDT       | 0.001711      | 0.002458    | 0.07481      | 80.7          | 0.01285      | 0.01902     | 0.03724        | 0.8527                 | 0.007494     | 791.0  | -230179.251711 |
| UMAUSDT       | 0.001706      | 0.001347    | 0.06427      | 21.6          | 0.01004      | 0.008284    | 0.04143        | 0.9905                 | 0.001299     | 51.48  | -230179.251706 |
| OMGUSDT       | 0.001596      | 0.002014    | 0.0704       | 52.28         | 0.01139      | 0.0124      | 0.01925        | 0.912                  | 0.004818     | 791.0  | -230179.251596 |
| HOOKUSDT      | 0.00159       | 0.001893    | 0.06446      | 43.18         | 0.01012      | 0.009311    | 0.004757       | 0.9602                 | 0.002768     | 158.87 | -230179.25159  |
| FETUSDT       | 0.001556      | 0.001624    | 0.05776      | 53.97         | 0.01242      | 0.01101     | 0.01503        | 0.9718                 | 0.002126     | 164.89 | -230179.251556 |
| LRCUSDT       | 0.001536      | 0.001913    | 0.07346      | 48.23         | 0.009833     | 0.01367     | 0.01176        | 0.9255                 | 0.005477     | 791.0  | -230179.251536 |
| RADUSDT       | 0.001532      | 0.001537    | 0.04313      | 24.98         | 0.01351      | 0.01016     | 0.009414       | 0.992                  | 0.001093     | 51.5   | -230179.251532 |
| OPUSDT        | 0.001525      | 0.001699    | 0.06362      | 24.05         | 0.01008      | 0.01042     | 0.01163        | 0.9478                 | 0.004205     | 394.41 | -230179.251525 |
| ATOMUSDT      | 0.001523      | 0.002081    | 0.07494      | 66.77         | 0.009905     | 0.01083     | 0.01394        | 0.9222                 | 0.003987     | 791.0  | -230179.251523 |
| TUSDT         | 0.001509      | 0.001493    | 0.06996      | 49.48         | 0.008159     | 0.007087    | 0.001206       | 0.979                  | 0.001871     | 149.46 | -230179.251509 |
| 1000LUNCUSDT  | 0.001484      | 0.001716    | 0.05723      | 59.85         | 0.006585     | 0.007134    | 0.0032         | 0.9664                 | 0.00235      | 294.46 | -230179.251484 |
| INJUSDT       | 0.001457      | 0.001633    | 0.0396       | 55.62         | 0.0103       | 0.008417    | 0.02252        | 0.9758                 | 0.001605     | 317.88 | -230179.251457 |
| HOTUSDT       | 0.001451      | 0.002014    | 0.06951      | 48.97         | 0.01071      | 0.01394     | 0.01048        | 0.8967                 | 0.004766     | 791.0  | -230179.251451 |
| XRPUSDT       | 0.001427      | 0.00234     | 0.07179      | 59.48         | 0.007127     | 0.0128      | 0.01895        | 0.8946                 | 0.005274     | 791.0  | -230179.251427 |
| CKBUSDT       | 0.001427      | 0.001727    | 0.06884      | 48.82         | 0.009254     | 0.008743    | 0.004636       | 0.9717                 | 0.002996     | 122.5  | -230179.251427 |
| LQTYUSDT      | 0.00141       | 0.001603    | 0.04765      | 40.65         | 0.0131       | 0.01178     | 0.01844        | 0.9791                 | 0.001723     | 112.5  | -230179.25141  |
| RLCUSDT       | 0.001395      | 0.002162    | 0.06818      | 50.7          | 0.01088      | 0.01731     | 0.01454        | 0.878                  | 0.00724      | 791.0  | -230179.251395 |
| TOMOUSDT      | 0.00139       | 0.001539    | 0.06104      | 66.78         | 0.01452      | 0.01523     | 0.02166        | 0.9153                 | 0.004971     | 791.0  | -230179.25139  |
| BNXUSDT       | 0.001388      | 0.001466    | 0.06344      | 48.98         | 0.01333      | 0.0193      | 0.05131        | 0.9178                 | 0.008645     | 128.38 | -230179.251388 |
| CELRUSDT      | 0.001381      | 0.002123    | 0.07081      | 64.53         | 0.0141       | 0.01628     | 0.02375        | 0.8964                 | 0.006569     | 791.0  | -230179.251381 |
| DOGEUSDT      | 0.001366      | 0.0019      | 0.06548      | 42.8          | 0.01225      | 0.01411     | 0.04735        | 0.9112                 | 0.005672     | 791.0  | -230179.251366 |
| ARBUSDT       | 0.001366      | 0.001621    | 0.03648      | 48.15         | 0.006724     | 0.006459    | 0.0            | 0.9888                 | 0.001005     | 99.37  | -230179.251366 |
| CHZUSDT       | 0.001318      | 0.001968    | 0.06276      | 45.7          | 0.009491     | 0.01317     | 0.005628       | 0.8957                 | 0.005299     | 791.0  | -230179.251318 |
| MTLUSDT       | 0.001317      | 0.001358    | 0.06851      | 61.3          | 0.01811      | 0.01693     | 0.02857        | 0.9135                 | 0.003989     | 791.0  | -230179.251317 |
| RDNTUSDT      | 0.001297      | 0.001744    | 0.06781      | 42.55         | 0.01298      | 0.01268     | 0.04617        | 0.9581                 | 0.005161     | 86.5   | -230179.251297 |
| HIGHUSDT      | 0.001297      | 0.00143     | 0.05462      | 18.77         | 0.01201      | 0.009612    | 0.02229        | 0.9754                 | 0.0019       | 143.89 | -230179.251297 |
| LINAUSDT      | 0.001279      | 0.001133    | 0.05727      | 56.45         | 0.01876      | 0.01622     | 0.03622        | 0.9041                 | 0.00461      | 791.0  | -230179.251279 |
| SFPUSDT       | 0.001276      | 0.001271    | 0.06536      | 55.9          | 0.01586      | 0.01667     | 0.01602        | 0.8843                 | 0.004897     | 791.0  | -230179.251276 |
| STXUSDT       | 0.001275      | 0.001837    | 0.07053      | 65.87         | 0.01143      | 0.01058     | 0.0498         | 0.9523                 | 0.00383      | 129.39 | -230179.251275 |
| RVNUSDT       | 0.001274      | 0.001774    | 0.06268      | 37.33         | 0.0103       | 0.01052     | 0.007473       | 0.9289                 | 0.003911     | 791.0  | -230179.251274 |
| AGIXUSDT      | 0.001257      | 0.001814    | 0.05738      | 23.58         | 0.01006      | 0.008546    | 0.005389       | 0.9722                 | 0.002183     | 134.4  | -230179.251257 |
| ALICEUSDT     | 0.001246      | 0.001715    | 0.0626       | 28.02         | 0.009954     | 0.01304     | 0.01185        | 0.8866                 | 0.005227     | 791.0  | -230179.251246 |
| RENUSDT       | 0.001233      | 0.001357    | 0.06666      | 52.95         | 0.01944      | 0.01989     | 0.04539        | 0.8871                 | 0.007476     | 791.0  | -230179.251233 |
| WOOUSDT       | 0.001225      | 0.001595    | 0.04935      | 37.22         | 0.01133      | 0.01247     | 0.05472        | 0.9244                 | 0.004891     | 448.85 | -230179.251225 |
| ZECUSDT       | 0.001219      | 0.001375    | 0.069        | 79.9          | 0.01151      | 0.01117     | 0.01365        | 0.9377                 | 0.003865     | 791.0  | -230179.251219 |
| MINAUSDT      | 0.001209      | 0.001482    | 0.06249      | 40.37         | 0.008129     | 0.007147    | 0.003286       | 0.9812                 | 0.001624     | 143.54 | -230179.251209 |
| BELUSDT       | 0.001209      | 0.00149     | 0.07136      | 43.0          | 0.01496      | 0.01726     | 0.03476        | 0.8822                 | 0.00772      | 791.0  | -230179.251209 |
| SUSHIUSDT     | 0.001208      | 0.002015    | 0.07458      | 59.8          | 0.01195      | 0.0164      | 0.01379        | 0.8808                 | 0.006952     | 791.0  | -230179.251208 |
| HFTUSDT       | 0.001207      | 0.001722    | 0.06954      | 40.8          | 0.01069      | 0.008826    | 0.003897       | 0.9839                 | 0.001603     | 85.5   | -230179.251207 |
| OCEANUSDT     | 0.001199      | 0.001335    | 0.06619      | 30.23         | 0.01179      | 0.01278     | 0.02849        | 0.9082                 | 0.005158     | 791.0  | -230179.251199 |
| ICPUSDT       | 0.001198      | 0.001078    | 0.05852      | 46.97         | 0.008535     | 0.008514    | 0.01266        | 0.9636                 | 0.003006     | 276.89 | -230179.251198 |
| UNFIUSDT      | 0.001178      | 0.001237    | 0.05906      | 57.17         | 0.01864      | 0.01901     | 0.01971        | 0.8927                 | 0.005273     | 791.0  | -230179.251178 |
| STMXUSDT      | 0.001171      | 0.001134    | 0.07146      | 50.68         | 0.01668      | 0.01975     | 0.03433        | 0.8851                 | 0.007544     | 791.0  | -230179.251171 |
| ASTRUSDT      | 0.001171      | 0.001595    | 0.05754      | 30.97         | 0.009272     | 0.008388    | 0.008675       | 0.9858                 | 0.001398     | 136.89 | -230179.251171 |
| VETUSDT       | 0.00117       | 0.001248    | 0.06782      | 59.03         | 0.01608      | 0.01802     | 0.0643         | 0.8776                 | 0.006973     | 791.0  | -230179.25117  |
| FXSUSDT       | 0.001166      | 0.00101     | 0.07209      | 31.37         | 0.01571      | 0.01245     | 0.03407        | 0.9742                 | 0.002782     | 161.87 | -230179.251166 |
| QNTUSDT       | 0.001154      | 0.001231    | 0.04333      | 41.97         | 0.01102      | 0.009206    | 0.04925        | 0.9671                 | 0.001719     | 253.89 | -230179.251154 |
| RUNEUSDT      | 0.001151      | 0.001832    | 0.07412      | 56.22         | 0.01294      | 0.01985     | 0.03641        | 0.8617                 | 0.007769     | 791.0  | -230179.251151 |
| CELOUSDT      | 0.001147      | 0.0009062   | 0.06798      | 52.43         | 0.01728      | 0.017       | 0.06825        | 0.9329                 | 0.005113     | 641.85 | -230179.251147 |
| BANDUSDT      | 0.001142      | 0.001615    | 0.06481      | 66.03         | 0.01509      | 0.01736     | 0.009122       | 0.8733                 | 0.006094     | 791.0  | -230179.251142 |
| DGBUSDT       | 0.001135      | 0.001994    | 0.07357      | 53.08         | 0.01439      | 0.01823     | 0.02055        | 0.8654                 | 0.006676     | 791.0  | -230179.251135 |
| SPELLUSDT     | 0.001134      | 0.001066    | 0.07274      | 26.77         | 0.007727     | 0.009007    | 0.01923        | 0.9575                 | 0.004036     | 297.5  | -230179.251134 |
| HBARUSDT      | 0.001128      | 0.001787    | 0.06921      | 56.63         | 0.01076      | 0.01245     | 0.01311        | 0.8997                 | 0.005015     | 791.0  | -230179.251128 |
| LDOUSDT       | 0.001125      | 0.0008733   | 0.05652      | 57.08         | 0.01852      | 0.01538     | 0.06518        | 0.9351                 | 0.003655     | 281.5  | -230179.251125 |
| IDEXUSDT      | 0.001109      | 0.001769    | 0.06441      | 39.58         | 0.01359      | 0.01202     | 0.0006176      | 0.9824                 | 0.001943     | 58.5   | -230179.251109 |
| ICXUSDT       | 0.001105      | 0.001489    | 0.0735       | 35.68         | 0.01188      | 0.01289     | 0.06301        | 0.9095                 | 0.006047     | 791.0  | -230179.251105 |
| COTIUSDT      | 0.001103      | 0.001857    | 0.07372      | 37.1          | 0.0128       | 0.01895     | 0.07977        | 0.8704                 | 0.008185     | 791.0  | -230179.251103 |
| ZENUSDT       | 0.001093      | 0.001409    | 0.07325      | 56.22         | 0.0172       | 0.0198      | 0.01701        | 0.8726                 | 0.007138     | 791.0  | -230179.251093 |
| ONTUSDT       | 0.001087      | 0.00105     | 0.06429      | 46.65         | 0.01854      | 0.01488     | 0.06711        | 0.9569                 | 0.003281     | 791.0  | -230179.251087 |
| DENTUSDT      | 0.001085      | 0.001596    | 0.07399      | 56.52         | 0.01408      | 0.0192      | 0.05896        | 0.9072                 | 0.008618     | 791.0  | -230179.251085 |
| IMXUSDT       | 0.001076      | 0.001394    | 0.06401      | 36.77         | 0.01114      | 0.01041     | 0.02872        | 0.949                  | 0.003565     | 504.85 | -230179.251076 |
| EOSUSDT       | 0.001073      | 0.001118    | 0.07041      | 61.52         | 0.01459      | 0.01335     | 0.01796        | 0.9407                 | 0.003255     | 791.0  | -230179.251073 |
| TLMUSDT       | 0.001064      | 0.001053    | 0.06927      | 41.37         | 0.00633      | 0.005318    | 0.00266        | 0.9851                 | 0.001521     | 92.48  | -230179.251064 |
| ENJUSDT       | 0.001062      | 0.001066    | 0.07294      | 46.33         | 0.01755      | 0.01981     | 0.03989        | 0.8724                 | 0.006775     | 791.0  | -230179.251062 |
| CTKUSDT       | 0.001059      | 0.001422    | 0.0679       | 65.82         | 0.0121       | 0.01182     | 0.005432       | 0.9161                 | 0.003447     | 791.0  | -230179.251059 |
| KAVAUSDT      | 0.00105       | 0.0009483   | 0.06634      | 47.0          | 0.0182       | 0.01782     | 0.02541        | 0.927                  | 0.005519     | 791.0  | -230179.25105  |
| DOTUSDT       | 0.001041      | 0.001715    | 0.063        | 91.77         | 0.00935      | 0.0133      | 0.003575       | 0.8832                 | 0.004998     | 791.0  | -230179.251041 |
| ALGOUSDT      | 0.001028      | 0.001653    | 0.05552      | 73.65         | 0.01235      | 0.01334     | 0.00798        | 0.9004                 | 0.004525     | 791.0  | -230179.251028 |
| XMRUSDT       | 0.001022      | 0.001201    | 0.07353      | 52.32         | 0.009834     | 0.01497     | 0.03272        | 0.8907                 | 0.005933     | 791.0  | -230179.251022 |
| FILUSDT       | 0.001015      | 0.001013    | 0.06054      | 59.73         | 0.0167       | 0.01928     | 0.02249        | 0.8977                 | 0.007045     | 791.0  | -230179.251015 |
| ARPAUSDT      | 0.00101       | 0.001021    | 0.05533      | 59.63         | 0.01334      | 0.01997     | 0.05015        | 0.8748                 | 0.008037     | 619.85 | -230179.25101  |
| CVXUSDT       | 0.0009999     | 0.0008539   | 0.0705       | 59.08         | 0.01259      | 0.01179     | 0.01352        | 0.9699                 | 0.002229     | 281.49 | -230179.251    |
| MANAUSDT      | 0.0009979     | 0.001449    | 0.06399      | 76.92         | 0.01187      | 0.01611     | 0.0466         | 0.8904                 | 0.006518     | 791.0  | -230179.250998 |
| DASHUSDT      | 0.0009845     | 0.0009569   | 0.07073      | 75.15         | 0.01821      | 0.01819     | 0.07507        | 0.8944                 | 0.006673     | 791.0  | -230179.250985 |
| THETAUSDT     | 0.00098       | 0.001741    | 0.06949      | 44.07         | 0.01167      | 0.01812     | 0.04071        | 0.8805                 | 0.007914     | 791.0  | -230179.25098  |
| CRVUSDT       | 0.0009791     | 0.001523    | 0.05432      | 74.35         | 0.0129       | 0.01486     | 0.01325        | 0.901                  | 0.005292     | 791.0  | -230179.250979 |
| APTUSDT       | 0.0009676     | 0.00123     | 0.05072      | 61.67         | 0.01324      | 0.01165     | 0.005794       | 0.9723                 | 0.001995     | 254.92 | -230179.250968 |
| ANKRUSDT      | 0.0009527     | 0.001414    | 0.06175      | 64.82         | 0.01194      | 0.01898     | 0.06928        | 0.9027                 | 0.007463     | 791.0  | -230179.250953 |
| MKRUSDT       | 0.000947      | 0.001599    | 0.04406      | 75.7          | 0.01047      | 0.01251     | 0.0329         | 0.8934                 | 0.004349     | 791.0  | -230179.250947 |
| IOSTUSDT      | 0.0009341     | 0.001228    | 0.07427      | 50.82         | 0.01271      | 0.01275     | 0.01501        | 0.9221                 | 0.004689     | 791.0  | -230179.250934 |
| FTMUSDT       | 0.0009151     | 0.001374    | 0.07394      | 55.63         | 0.01554      | 0.01697     | 0.0201         | 0.889                  | 0.007031     | 791.0  | -230179.250915 |
| MATICUSDT     | 0.0009149     | 0.001444    | 0.06845      | 66.5          | 0.01172      | 0.01413     | 0.007968       | 0.8916                 | 0.005788     | 791.0  | -230179.250915 |
| SANDUSDT      | 0.0009112     | 0.001294    | 0.06785      | 71.25         | 0.0166       | 0.01944     | 0.04793        | 0.8763                 | 0.007895     | 791.0  | -230179.250911 |
| XLMUSDT       | 0.0009046     | 0.0007618   | 0.07375      | 38.07         | 0.01288      | 0.01511     | 0.06719        | 0.9141                 | 0.003481     | 791.0  | -230179.250905 |
| DUSKUSDT      | 0.0009045     | 0.001229    | 0.07042      | 62.08         | 0.01172      | 0.01309     | 0.04907        | 0.9414                 | 0.005295     | 539.85 | -230179.250904 |
| SNXUSDT       | 0.0008984     | 0.001188    | 0.06748      | 51.25         | 0.01484      | 0.01722     | 0.02839        | 0.8864                 | 0.006966     | 791.0  | -230179.250898 |
| APEUSDT       | 0.0008931     | 0.001313    | 0.06057      | 56.65         | 0.01085      | 0.01364     | 0.04037        | 0.9195                 | 0.00552      | 470.37 | -230179.250893 |
| PHBUSDT       | 0.0008904     | 0.00117     | 0.05882      | 37.65         | 0.01218      | 0.0139      | 0.04479        | 0.9451                 | 0.005724     | 134.39 | -230179.25089  |
| SKLUSDT       | 0.0008891     | 0.001348    | 0.06949      | 46.98         | 0.0154       | 0.01741     | 0.04575        | 0.878                  | 0.007099     | 791.0  | -230179.250889 |
| REEFUSDT      | 0.0008829     | 0.001016    | 0.06534      | 53.33         | 0.01717      | 0.01804     | 0.034          | 0.9291                 | 0.006964     | 791.0  | -230179.250883 |
| CHRUSDT       | 0.0008824     | 0.001532    | 0.07278      | 62.92         | 0.01454      | 0.01745     | 0.0145         | 0.9025                 | 0.007001     | 791.0  | -230179.250882 |
| UNIUSDT       | 0.0008707     | 0.001134    | 0.05827      | 55.75         | 0.01893      | 0.01836     | 0.02744        | 0.9029                 | 0.005081     | 791.0  | -230179.250871 |
| LITUSDT       | 0.0008675     | 0.001111    | 0.04938      | 49.92         | 0.01375      | 0.01678     | 0.01984        | 0.8989                 | 0.006183     | 791.0  | -230179.250868 |
| LINKUSDT      | 0.0008665     | 0.00136     | 0.05903      | 63.28         | 0.01056      | 0.01235     | 0.004587       | 0.9004                 | 0.004376     | 791.0  | -230179.250867 |
| ALPHAUSDT     | 0.0008571     | 0.000993    | 0.05344      | 59.37         | 0.01705      | 0.01634     | 0.02613        | 0.9226                 | 0.004146     | 791.0  | -230179.250857 |
| TRBUSDT       | 0.0008544     | 0.001139    | 0.06454      | 90.63         | 0.01892      | 0.01885     | 0.0415         | 0.9093                 | 0.00541      | 791.0  | -230179.250854 |
| STORJUSDT     | 0.0008376     | 0.001002    | 0.06986      | 66.75         | 0.01951      | 0.01679     | 0.0798         | 0.9134                 | 0.004517     | 791.0  | -230179.250838 |
| NEARUSDT      | 0.0008356     | 0.001257    | 0.07335      | 42.5          | 0.01887      | 0.01724     | 0.04781        | 0.9328                 | 0.006386     | 791.0  | -230179.250836 |
| PEOPLEUSDT    | 0.0008306     | 0.001113    | 0.04776      | 57.1          | 0.0191       | 0.01614     | 0.06233        | 0.9535                 | 0.002531     | 553.83 | -230179.250831 |
| AAVEUSDT      | 0.0008196     | 0.001505    | 0.05819      | 81.43         | 0.0183       | 0.01682     | 0.01706        | 0.942                  | 0.003761     | 791.0  | -230179.25082  |
| LEVERUSDT     | 0.0008168     | 0.0008304   | 0.0614       | 44.65         | 0.008279     | 0.007846    | 0.006435       | 0.9713                 | 0.002584     | 92.49  | -230179.250817 |
| COMPUSDT      | 0.0008159     | 0.001148    | 0.06834      | 68.48         | 0.01416      | 0.01391     | 0.02073        | 0.9252                 | 0.004985     | 791.0  | -230179.250816 |
| GALUSDT       | 0.0008116     | 0.001172    | 0.05747      | 52.93         | 0.01291      | 0.01726     | 0.01589        | 0.9181                 | 0.00641      | 421.41 | -230179.250812 |
| RSRUSDT       | 0.0008089     | 0.0008716   | 0.05424      | 51.07         | 0.01959      | 0.01865     | 0.03644        | 0.8886                 | 0.005193     | 791.0  | -230179.250809 |
| SSVUSDT       | 0.0008074     | 0.0009982   | 0.05363      | 40.95         | 0.01847      | 0.01562     | 0.04927        | 0.9505                 | 0.005118     | 126.5  | -230179.250807 |
| LUNA2USDT     | 0.0008041     | 0.0008196   | 0.05212      | 25.13         | 0.01478      | 0.01462     | 0.08382        | 0.9786                 | 0.001858     | 293.87 | -230179.250804 |
| WAVESUSDT     | 0.0007997     | 0.001104    | 0.05867      | 44.9          | 0.009942     | 0.0129      | 0.02092        | 0.9041                 | 0.005403     | 791.0  | -230179.2508   |
| NEOUSDT       | 0.0007875     | 0.001034    | 0.06024      | 62.92         | 0.01088      | 0.01487     | 0.05479        | 0.8957                 | 0.005903     | 791.0  | -230179.250787 |
| CTSIUSDT      | 0.0007797     | 0.000759    | 0.04254      | 51.03         | 0.01702      | 0.0191      | 0.08911        | 0.903                  | 0.005086     | 612.85 | -230179.25078  |
| XTZUSDT       | 0.0007768     | 0.0009885   | 0.07453      | 82.62         | 0.0134       | 0.0176      | 0.01916        | 0.918                  | 0.007367     | 791.0  | -230179.250777 |
| TRXUSDT       | 0.0007723     | 0.0008658   | 0.05793      | 38.55         | 0.00722      | 0.008698    | 0.03465        | 0.9178                 | 0.002757     | 791.0  | -230179.250772 |
| BALUSDT       | 0.0007663     | 0.0008288   | 0.06943      | 60.32         | 0.01705      | 0.01885     | 0.02727        | 0.8892                 | 0.006722     | 791.0  | -230179.250766 |
| ENSUSDT       | 0.0007622     | 0.001324    | 0.06771      | 46.97         | 0.01353      | 0.01582     | 0.04747        | 0.9103                 | 0.006179     | 577.85 | -230179.250762 |
| ONEUSDT       | 0.0007617     | 0.001163    | 0.04741      | 20.75         | 0.01257      | 0.01327     | 0.07762        | 0.9127                 | 0.004611     | 791.0  | -230179.250762 |
| ZRXUSDT       | 0.000759      | 0.00076     | 0.06604      | 47.45         | 0.01991      | 0.0196      | 0.0948         | 0.8875                 | 0.006914     | 791.0  | -230179.250759 |
| MAGICUSDT     | 0.0007536     | 0.001055    | 0.03852      | 57.32         | 0.01341      | 0.0128      | 0.01685        | 0.9543                 | 0.004238     | 156.87 | -230179.250754 |
| GMXUSDT       | 0.0007472     | 0.000897    | 0.07301      | 52.7          | 0.01502      | 0.01287     | 0.02134        | 0.9784                 | 0.002516     | 133.39 | -230179.250747 |
| BLZUSDT       | 0.0007406     | 0.0009578   | 0.05726      | 56.02         | 0.0197       | 0.01987     | 0.03532        | 0.8928                 | 0.007184     | 791.0  | -230179.250741 |
| API3USDT      | 0.0007351     | 0.0008385   | 0.0602       | 49.62         | 0.01548      | 0.01662     | 0.07631        | 0.9562                 | 0.002737     | 493.85 | -230179.250735 |
| 1INCHUSDT     | 0.0007306     | 0.001184    | 0.0642       | 52.73         | 0.01493      | 0.01834     | 0.061          | 0.8715                 | 0.007413     | 791.0  | -230179.250731 |
| JASMYUSDT     | 0.0007218     | 0.0009639   | 0.06559      | 43.43         | 0.01642      | 0.01682     | 0.04308        | 0.9265                 | 0.005189     | 436.85 | -230179.250722 |
| STGUSDT       | 0.0007059     | 0.0008627   | 0.06784      | 63.48         | 0.01486      | 0.01365     | 0.0454         | 0.9454                 | 0.004729     | 309.5  | -230179.250706 |
| EGLDUSDT      | 0.0006867     | 0.001634    | 0.06369      | 59.98         | 0.01093      | 0.01624     | 0.02364        | 0.8958                 | 0.006565     | 791.0  | -230179.250687 |
| KNCUSDT       | 0.000686      | 0.001153    | 0.06746      | 48.23         | 0.01474      | 0.01851     | 0.03356        | 0.9146                 | 0.007903     | 791.0  | -230179.250686 |
| AUDIOUSDT     | 0.0006585     | 0.00109     | 0.0426       | 59.73         | 0.01202      | 0.01124     | 0.01766        | 0.9369                 | 0.003157     | 680.85 | -230179.250658 |
| ADAUSDT       | 0.0006558     | 0.0008148   | 0.06322      | 60.53         | 0.01181      | 0.01681     | 0.03267        | 0.9159                 | 0.006408     | 791.0  | -230179.250656 |
| QTUMUSDT      | 0.0006562     | 0.001053    | 0.05235      | 84.43         | 0.0124       | 0.01404     | 0.01793        | 0.9151                 | 0.005152     | 791.0  | -230179.250656 |
| YFIUSDT       | 0.000653      | 0.001427    | 0.0614       | 48.23         | 0.01514      | 0.01582     | 0.0243         | 0.91                   | 0.004776     | 791.0  | -230179.250653 |
| BATUSDT       | 0.0006343     | 0.000822    | 0.07216      | 40.83         | 0.01599      | 0.01938     | 0.06158        | 0.9006                 | 0.008375     | 791.0  | -230179.250634 |
| IOTAUSDT      | 0.0006158     | 0.000953    | 0.06843      | 56.62         | 0.01498      | 0.01817     | 0.02676        | 0.8966                 | 0.007506     | 791.0  | -230179.250616 |
| TRUUSDT       | 0.0006123     | 0.001195    | 0.06037      | 52.3          | 0.01642      | 0.01391     | 0.06551        | 0.9648                 | 0.003215     | 115.5  | -230179.250612 |
| ARUSDT        | 0.0006117     | 0.0008666   | 0.05186      | 52.9          | 0.0185       | 0.0164      | 0.032          | 0.914                  | 0.004568     | 640.85 | -230179.250612 |
| ZILUSDT       | 0.000604      | 0.0009943   | 0.07356      | 41.92         | 0.01627      | 0.01841     | 0.05878        | 0.8974                 | 0.007956     | 791.0  | -230179.250604 |
| ETCUSDT       | 0.0005986     | 0.0009715   | 0.06412      | 81.98         | 0.0147       | 0.01752     | 0.02345        | 0.9187                 | 0.006884     | 791.0  | -230179.250599 |
| FLOWUSDT      | 0.0005929     | 0.0009928   | 0.07379      | 64.08         | 0.01592      | 0.0173      | 0.06119        | 0.8939                 | 0.007241     | 505.85 | -230179.250593 |
| ACHUSDT       | 0.0005851     | 0.000862    | 0.02844      | 60.75         | 0.01533      | 0.01189     | 0.06099        | 0.9769                 | 0.001732     | 128.39 | -230179.250585 |
| MASKUSDT      | 0.0005442     | 0.0007779   | 0.03415      | 57.72         | 0.01597      | 0.01776     | 0.0312         | 0.8912                 | 0.00572      | 672.85 | -230179.250544 |
| OGNUSDT       | 0.0005003     | 0.0008755   | 0.04313      | 53.3          | 0.01891      | 0.01757     | 0.07538        | 0.8992                 | 0.00413      | 791.0  | -230179.2505   |
| ANTUSDT       | 0.0004743     | 0.0007452   | 0.04092      | 71.68         | 0.0168       | 0.01993     | 0.03992        | 0.8805                 | 0.006312     | 550.83 | -230179.250474 |
| AVAXUSDT      | 0.0004552     | 0.001416    | 0.06613      | 48.23         | 0.01477      | 0.0146      | 0.06969        | 0.9131                 | 0.004721     | 791.0  | -230179.250455 |
| FLMUSDT       | 0.0004246     | 0.0006384   | 0.06293      | 61.53         | 0.01948      | 0.01805     | 0.05443        | 0.9262                 | 0.006212     | 791.0  | -230179.250425 |
| DARUSDT       | 0.0003938     | 0.0006523   | 0.02343      | 41.38         | 0.01185      | 0.01087     | 0.02808        | 0.96                   | 0.001575     | 427.85 | -230179.250394 |
| XEMUSDT       | 0.0003676     | 0.0007425   | 0.02037      | 70.65         | 0.01366      | 0.0135      | 0.07674        | 0.9061                 | 0.00321      | 791.0  | -230179.250368 |
| SXPUSDT       | 0.0003299     | 0.0007874   | 0.02415      | 57.03         | 0.01456      | 0.01375     | 0.08661        | 0.9264                 | 0.003123     | 791.0  | -230179.25033  |
| DYDXUSDT      | 0.0003287     | 0.0009488   | 0.02216      | 54.53         | 0.01512      | 0.01253     | 0.04957        | 0.9731                 | 0.001178     | 658.85 | -230179.250329 |
| KSMUSDT       | 0.0003254     | 0.001057    | 0.04231      | 49.43         | 0.01743      | 0.01538     | 0.08808        | 0.9137                 | 0.00359      | 791.0  | -230179.250325 |
| LPTUSDT       | 0.0002953     | 0.0004997   | 0.03165      | 66.35         | 0.01819      | 0.01607     | 0.04217        | 0.9392                 | 0.002539     | 596.85 | -230179.250295 |
| 1000XECUSDT   | 0.0001976     | 0.0004287   | 0.04534      | 46.53         | 0.01524      | 0.01662     | 0.06096        | 0.8713                 | 0.005055     | 651.85 | -230179.250198 |
| ROSEUSDT      | 0.0001898     | 0.0002873   | 0.01437      | 69.55         | 0.01764      | 0.01628     | 0.05899        | 0.9415                 | 0.002079     | 546.85 | -230179.25019  |
| JOEUSDT       | 0.0006151     | 0.0008956   | 0.0784       | 40.18         | 0.0162       | 0.01904     | 0.0526         | 0.9378                 | 0.008577     | 93.49  | -230179.21665  |
| AXSUSDT       | 0.0002609     | 0.0008775   | 0.04335      | 90.72         | 0.0201       | 0.01694     | 0.09104        | 0.9472                 | 0.002456     | 791.0  | -230179.146118 |
| GTCUSDT       | 0.0001451     | 0.0003515   | 0.05199      | 59.93         | 0.02374      | 0.02043     | 0.09763        | 0.929                  | 0.006425     | 749.85 | -230171.229497 |
| IOTXUSDT      | 0.0007067     | 0.000822    | 0.07933      | 68.87         | 0.0179       | 0.02225     | 0.06155        | 0.8811                 | 0.008798     | 687.85 | -230156.70756  |
| GALAUSDT      | 0.0002217     | 0.0003261   | 0.03084      | 91.92         | 0.0209       | 0.02491     | 0.09474        | 0.8684                 | 0.007889     | 650.85 | -230129.234019 |
| BAKEUSDT      | 0.0002233     | 0.0003403   | 0.042        | 58.03         | 0.02215      | 0.02518     | 0.0971         | 0.8595                 | 0.008283     | 772.71 | -230125.329492 |
| C98USDT       | 0.0008079     | 0.0009595   | 0.09492      | 53.55         | 0.02323      | 0.02858     | 0.07932        | 0.8594                 | 0.0127       | 675.85 | -230090.03824  |
| GMTUSDT       | 0.000437      | 0.0008327   | 0.1525       | 76.47         | 0.03294      | 0.05505     | 0.1878         | 0.862                  | 0.02192      | 472.83 | -221033.502275 |
| KLAYUSDT      | 0.0001992     | 0.0004504   | 0.04225      | 55.2          | 0.01498      | 0.01831     | 0.2512         | 0.8925                 | 0.007302     | 626.85 | -215063.734319 |
+---------------+---------------+-------------+--------------+---------------+--------------+-------------+----------------+------------------------+--------------+--------+----------------+

+--------------------------------------------------------------------------------------------------------------------------------------------------------------------------------------------+
|                                                                                           short                                                                                            |
+---------------+---------------+-------------+--------------+---------------+--------------+-------------+----------------+------------------------+--------------+--------+----------------+
| symbol        | adg_w_per_exp | adg_per_exp | exp_rts_mean | hrs_stuck_max | pa_dist_mean | pa_dist_std | loss_profit_rt | eqbal_rt_10_worst_mean | eqbal_rt_std | n_days | score          |
+---------------+---------------+-------------+--------------+---------------+--------------+-------------+----------------+------------------------+--------------+--------+----------------+
| MAVUSDT       | 0.01057       | 0.005497    | 0.01268      | 13.83         | 0.01297      | 0.01396     | 0.0            | 0.9999                 | 4.765e-05    | 1.5    | -230179.260568 |
| IDEXUSDT      | 0.004697      | 0.001694    | 0.06682      | 41.58         | 0.01375      | 0.01072     | 0.03187        | 0.9954                 | 0.0006098    | 58.5   | -230179.254697 |
| 1000FLOKIUSDT | 0.004529      | 0.001693    | 0.06537      | 38.08         | 0.01286      | 0.01129     | 0.02935        | 0.9902                 | 0.001024     | 55.31  | -230179.254529 |
| BLURUSDT      | 0.003309      | 0.002047    | 0.0526       | 50.88         | 0.013        | 0.01073     | 0.02316        | 0.9973                 | 0.0003822    | 63.5   | -230179.253309 |
| TRUUSDT       | 0.003245      | 0.002698    | 0.04832      | 21.55         | 0.008204     | 0.01446     | 0.0326         | 0.9676                 | 0.002299     | 115.5  | -230179.253245 |
| AGIXUSDT      | 0.003217      | 0.002732    | 0.06341      | 81.87         | 0.016        | 0.01372     | 0.02115        | 0.975                  | 0.001571     | 134.4  | -230179.253217 |
| RDNTUSDT      | 0.002436      | 0.001828    | 0.06884      | 41.93         | 0.01485      | 0.01368     | 0.00863        | 0.9864                 | 0.00131      | 86.5   | -230179.252436 |
| HFTUSDT       | 0.002204      | 0.001202    | 0.04925      | 49.9          | 0.01304      | 0.01042     | 0.05593        | 0.9966                 | 0.000378     | 85.5   | -230179.252204 |
| ASTRUSDT      | 0.002203      | 0.001915    | 0.0723       | 84.02         | 0.009098     | 0.009084    | 0.0105         | 0.9922                 | 0.0008629    | 136.89 | -230179.252203 |
| LITUSDT       | 0.002109      | 0.002026    | 0.06894      | 78.67         | 0.01648      | 0.01695     | 0.03201        | 0.9678                 | 0.002036     | 791.0  | -230179.252109 |
| LEVERUSDT     | 0.002105      | 0.001726    | 0.06412      | 46.4          | 0.007279     | 0.007156    | 0.00102        | 0.9964                 | 0.0003308    | 92.49  | -230179.252105 |
| SSVUSDT       | 0.002103      | 0.002122    | 0.06017      | 80.53         | 0.01285      | 0.01079     | 0.01394        | 0.9844                 | 0.001112     | 126.5  | -230179.252103 |
| UMAUSDT       | 0.001993      | 0.001084    | 0.02772      | 42.45         | 0.00822      | 0.006291    | 0.07284        | 0.9979                 | 0.0002322    | 51.48  | -230179.251993 |
| ACHUSDT       | 0.001978      | 0.002532    | 0.06312      | 75.02         | 0.0155       | 0.01169     | 0.02255        | 0.9895                 | 0.0008687    | 128.39 | -230179.251978 |
| RLCUSDT       | 0.001942      | 0.001974    | 0.07009      | 80.43         | 0.01508      | 0.0157      | 0.02585        | 0.9799                 | 0.001285     | 791.0  | -230179.251942 |
| SFPUSDT       | 0.001914      | 0.001931    | 0.07472      | 85.33         | 0.01367      | 0.01931     | 0.007419       | 0.9378                 | 0.002094     | 791.0  | -230179.251914 |
| HIGHUSDT      | 0.001871      | 0.002621    | 0.05668      | 62.83         | 0.01337      | 0.01055     | 0.009068       | 0.9877                 | 0.0009524    | 143.89 | -230179.251871 |
| KEYUSDT       | 0.001845      | 0.003389    | 0.06808      | 19.02         | 0.00996      | 0.0157      | 0.03971        | 0.9809                 | 0.002306     | 37.5   | -230179.251845 |
| ALICEUSDT     | 0.001818      | 0.001937    | 0.06989      | 64.15         | 0.0157       | 0.01651     | 0.01071        | 0.9827                 | 0.001112     | 791.0  | -230179.251818 |
| JASMYUSDT     | 0.001815      | 0.002223    | 0.06069      | 82.17         | 0.01094      | 0.01272     | 0.009765       | 0.9759                 | 0.001463     | 436.85 | -230179.251815 |
| AMBUSDT       | 0.00181       | 0.001758    | 0.02878      | 49.17         | 0.008986     | 0.007742    | 0.002463       | 0.9975                 | 0.0002255    | 92.5   | -230179.25181  |
| CHRUSDT       | 0.001783      | 0.002385    | 0.07454      | 83.43         | 0.01391      | 0.01566     | 0.009262       | 0.9649                 | 0.001882     | 791.0  | -230179.251783 |
| CHZUSDT       | 0.001778      | 0.002384    | 0.07482      | 69.17         | 0.01261      | 0.01947     | 0.0193         | 0.9592                 | 0.002844     | 791.0  | -230179.251778 |
| OCEANUSDT     | 0.001776      | 0.002157    | 0.06923      | 53.82         | 0.01207      | 0.01365     | 0.04467        | 0.9643                 | 0.002023     | 791.0  | -230179.251776 |
| SKLUSDT       | 0.001771      | 0.002084    | 0.06329      | 85.95         | 0.01526      | 0.01688     | 0.01465        | 0.9394                 | 0.002178     | 791.0  | -230179.251771 |
| PHBUSDT       | 0.001762      | 0.001478    | 0.04733      | 80.05         | 0.01797      | 0.01716     | 0.03712        | 0.9929                 | 0.0005949    | 134.39 | -230179.251762 |
| DOGEUSDT      | 0.001756      | 0.001822    | 0.0728       | 48.78         | 0.007577     | 0.009817    | 0.004497       | 0.9783                 | 0.00105      | 791.0  | -230179.251756 |
| RENUSDT       | 0.001754      | 0.001678    | 0.06885      | 78.65         | 0.01851      | 0.01812     | 0.04746        | 0.9535                 | 0.002292     | 791.0  | -230179.251754 |
| BNXUSDT       | 0.001746      | 0.00203     | 0.05239      | 74.8          | 0.01171      | 0.01105     | 0.004081       | 0.9934                 | 0.00054      | 128.38 | -230179.251746 |
| TUSDT         | 0.001732      | 0.0014      | 0.05967      | 51.43         | 0.01065      | 0.01381     | 0.01716        | 0.9775                 | 0.001673     | 149.46 | -230179.251732 |
| NKNUSDT       | 0.001714      | 0.002533    | 0.07497      | 65.18         | 0.01672      | 0.01887     | 0.05094        | 0.946                  | 0.003039     | 791.0  | -230179.251714 |
| ARBUSDT       | 0.0017        | 0.001136    | 0.07125      | 52.13         | 0.01635      | 0.01627     | 0.02013        | 0.9898                 | 0.001209     | 99.37  | -230179.2517   |
| LQTYUSDT      | 0.001677      | 0.002103    | 0.04398      | 91.13         | 0.01315      | 0.01301     | 0.008693       | 0.9771                 | 0.00164      | 112.5  | -230179.251677 |
| STORJUSDT     | 0.001671      | 0.001954    | 0.07444      | 76.77         | 0.01391      | 0.01868     | 0.01412        | 0.9623                 | 0.00255      | 791.0  | -230179.251671 |
| MINAUSDT      | 0.001666      | 0.001759    | 0.06376      | 76.72         | 0.01319      | 0.01263     | 0.02838        | 0.9893                 | 0.0008537    | 143.54 | -230179.251666 |
| CELRUSDT      | 0.001665      | 0.002271    | 0.06449      | 54.18         | 0.01152      | 0.01273     | 0.01559        | 0.9702                 | 0.001703     | 791.0  | -230179.251665 |
| OGNUSDT       | 0.001663      | 0.001844    | 0.07094      | 65.03         | 0.01492      | 0.01743     | 0.01594        | 0.9555                 | 0.002062     | 791.0  | -230179.251663 |
| CTKUSDT       | 0.001653      | 0.001776    | 0.07447      | 56.47         | 0.0128       | 0.01505     | 0.01889        | 0.9479                 | 0.001803     | 791.0  | -230179.251653 |
| GALUSDT       | 0.001649      | 0.002282    | 0.0684       | 63.73         | 0.01343      | 0.01605     | 0.01542        | 0.9705                 | 0.001941     | 421.41 | -230179.251649 |
| 1000LUNCUSDT  | 0.001626      | 0.001293    | 0.04137      | 52.48         | 0.01143      | 0.01513     | 0.03554        | 0.9646                 | 0.001984     | 294.46 | -230179.251626 |
| ANKRUSDT      | 0.001602      | 0.002024    | 0.06755      | 82.63         | 0.01333      | 0.01758     | 0.02781        | 0.953                  | 0.002505     | 791.0  | -230179.251602 |
| RADUSDT       | 0.001593      | 0.001854    | 0.03968      | 37.67         | 0.01102      | 0.01214     | 0.03313        | 0.9975                 | 0.0003004    | 51.5   | -230179.251593 |
| GMXUSDT       | 0.001591      | 0.001289    | 0.0687       | 61.77         | 0.01214      | 0.01118     | 0.01278        | 0.9956                 | 0.0004778    | 133.39 | -230179.251591 |
| RNDRUSDT      | 0.001585      | 0.00153     | 0.04167      | 47.9          | 0.01857      | 0.0175      | 0.04533        | 0.9865                 | 0.0008587    | 147.89 | -230179.251585 |
| COMBOUSDT     | 0.001545      | 0.002845    | 0.04501      | 41.93         | 0.01005      | 0.008121    | 0.01061        | 0.9939                 | 0.0008214    | 28.5   | -230179.251545 |
| NEOUSDT       | 0.001543      | 0.001509    | 0.07467      | 55.5          | 0.01442      | 0.01418     | 0.0364         | 0.9727                 | 0.001549     | 791.0  | -230179.251543 |
| TLMUSDT       | 0.001543      | 0.00115     | 0.05716      | 39.35         | 0.0088       | 0.008411    | 0.01887        | 0.9948                 | 0.0004641    | 92.48  | -230179.251543 |
| EDUUSDT       | 0.001534      | 0.002807    | 0.06001      | 50.87         | 0.01115      | 0.01452     | 0.02223        | 0.9809                 | 0.002047     | 61.5   | -230179.251534 |
| LUNA2USDT     | 0.001533      | 0.002201    | 0.0382       | 23.8          | 0.005526     | 0.006555    | 0.03081        | 0.9856                 | 0.0007719    | 293.87 | -230179.251533 |
| BLZUSDT       | 0.001497      | 0.001587    | 0.06887      | 72.72         | 0.01782      | 0.01887     | 0.01899        | 0.9178                 | 0.002238     | 791.0  | -230179.251497 |
| FXSUSDT       | 0.001471      | 0.001259    | 0.06611      | 78.45         | 0.01857      | 0.01756     | 0.01186        | 0.9916                 | 0.0009341    | 161.87 | -230179.251471 |
| FETUSDT       | 0.001465      | 0.001533    | 0.06792      | 41.68         | 0.01775      | 0.01752     | 0.05068        | 0.9722                 | 0.002038     | 164.89 | -230179.251465 |
| XRPUSDT       | 0.001462      | 0.001637    | 0.07015      | 76.97         | 0.009318     | 0.01513     | 0.02137        | 0.9644                 | 0.002122     | 791.0  | -230179.251462 |
| CRVUSDT       | 0.001452      | 0.001794    | 0.06779      | 67.55         | 0.01453      | 0.01712     | 0.02492        | 0.9546                 | 0.002283     | 791.0  | -230179.251452 |
| ARPAUSDT      | 0.001449      | 0.001295    | 0.06863      | 76.97         | 0.01619      | 0.01953     | 0.05126        | 0.9344                 | 0.002679     | 619.85 | -230179.251449 |
| GRTUSDT       | 0.001448      | 0.001878    | 0.06797      | 49.4          | 0.01595      | 0.01774     | 0.05612        | 0.9479                 | 0.002674     | 791.0  | -230179.251448 |
| OMGUSDT       | 0.001442      | 0.001743    | 0.07241      | 80.08         | 0.01227      | 0.01837     | 0.02333        | 0.9495                 | 0.003072     | 791.0  | -230179.251442 |
| SUSHIUSDT     | 0.001436      | 0.002127    | 0.07488      | 59.37         | 0.01259      | 0.01647     | 0.03778        | 0.9508                 | 0.002319     | 791.0  | -230179.251436 |
| ONTUSDT       | 0.001434      | 0.001388    | 0.06979      | 83.17         | 0.01417      | 0.01384     | 0.02584        | 0.9781                 | 0.001291     | 791.0  | -230179.251434 |
| BATUSDT       | 0.001433      | 0.001354    | 0.07349      | 59.77         | 0.01509      | 0.01715     | 0.06234        | 0.9591                 | 0.002174     | 791.0  | -230179.251433 |
| TRBUSDT       | 0.001408      | 0.00176     | 0.06294      | 58.85         | 0.01542      | 0.01531     | 0.01651        | 0.9737                 | 0.001387     | 791.0  | -230179.251408 |
| TOMOUSDT      | 0.001407      | 0.001231    | 0.06853      | 68.75         | 0.01469      | 0.01975     | 0.04486        | 0.9602                 | 0.002968     | 791.0  | -230179.251407 |
| ZRXUSDT       | 0.001404      | 0.001941    | 0.07387      | 73.87         | 0.01409      | 0.01578     | 0.0208         | 0.9535                 | 0.002048     | 791.0  | -230179.251404 |
| REEFUSDT      | 0.001398      | 0.001669    | 0.06901      | 85.78         | 0.01333      | 0.01251     | 0.007424       | 0.9835                 | 0.001086     | 791.0  | -230179.251398 |
| ENSUSDT       | 0.001389      | 0.001606    | 0.0659       | 82.45         | 0.01742      | 0.01827     | 0.04002        | 0.9891                 | 0.0006703    | 577.85 | -230179.251389 |
| 1INCHUSDT     | 0.001384      | 0.001576    | 0.06585      | 75.27         | 0.01613      | 0.01673     | 0.04299        | 0.9768                 | 0.001524     | 791.0  | -230179.251384 |
| HOOKUSDT      | 0.001381      | 0.002015    | 0.06287      | 55.27         | 0.01399      | 0.01425     | 0.01281        | 0.9808                 | 0.001681     | 158.87 | -230179.251381 |
| CKBUSDT       | 0.001372      | 0.001577    | 0.05026      | 56.37         | 0.008864     | 0.007632    | 0.002625       | 0.9938                 | 0.0004975    | 122.5  | -230179.251372 |
| ZENUSDT       | 0.00137       | 0.001802    | 0.0697       | 61.85         | 0.01219      | 0.01243     | 0.02705        | 0.9652                 | 0.001433     | 791.0  | -230179.25137  |
| 1000PEPEUSDT  | 0.001352      | 0.001194    | 0.01555      | 58.9          | 0.01392      | 0.01214     | 0.007676       | 0.9971                 | 0.0003263    | 56.31  | -230179.251352 |
| HOTUSDT       | 0.001341      | 0.001377    | 0.069        | 38.93         | 0.0119       | 0.01246     | 0.0495         | 0.9786                 | 0.001019     | 791.0  | -230179.251341 |
| ALPHAUSDT     | 0.001337      | 0.001452    | 0.06892      | 79.88         | 0.01866      | 0.01863     | 0.05258        | 0.951                  | 0.002586     | 791.0  | -230179.251337 |
| ENJUSDT       | 0.001337      | 0.001668    | 0.07112      | 75.95         | 0.01601      | 0.01746     | 0.02672        | 0.9707                 | 0.002414     | 791.0  | -230179.251337 |
| WOOUSDT       | 0.001331      | 0.001791    | 0.07194      | 44.05         | 0.01086      | 0.01097     | 0.01907        | 0.9832                 | 0.001437     | 448.85 | -230179.251331 |
| SNXUSDT       | 0.001327      | 0.001523    | 0.06598      | 75.8          | 0.01733      | 0.01919     | 0.02759        | 0.9637                 | 0.002328     | 791.0  | -230179.251327 |
| COTIUSDT      | 0.001325      | 0.001593    | 0.07263      | 67.95         | 0.01428      | 0.0144      | 0.01632        | 0.9742                 | 0.001574     | 791.0  | -230179.251325 |
| FLMUSDT       | 0.001298      | 0.001359    | 0.06929      | 83.85         | 0.01714      | 0.01863     | 0.02805        | 0.9222                 | 0.002464     | 791.0  | -230179.251298 |
| HBARUSDT      | 0.001294      | 0.002223    | 0.07318      | 58.8          | 0.007954     | 0.01184     | 0.04753        | 0.961                  | 0.001848     | 791.0  | -230179.251294 |
| MTLUSDT       | 0.001291      | 0.001251    | 0.06896      | 54.82         | 0.01775      | 0.01918     | 0.07361        | 0.9507                 | 0.002689     | 791.0  | -230179.251291 |
| ICXUSDT       | 0.001276      | 0.001286    | 0.06972      | 68.3          | 0.0159       | 0.01866     | 0.02524        | 0.9445                 | 0.00246      | 791.0  | -230179.251276 |
| ONEUSDT       | 0.001269      | 0.001589    | 0.06598      | 79.0          | 0.01524      | 0.01992     | 0.04322        | 0.9584                 | 0.002737     | 791.0  | -230179.251269 |
| STMXUSDT      | 0.001258      | 0.001892    | 0.06583      | 71.47         | 0.01014      | 0.01212     | 0.00751        | 0.9706                 | 0.001659     | 791.0  | -230179.251258 |
| LRCUSDT       | 0.001244      | 0.001479    | 0.07263      | 47.83         | 0.01661      | 0.01925     | 0.0634         | 0.9514                 | 0.002373     | 791.0  | -230179.251244 |
| VETUSDT       | 0.001241      | 0.00129     | 0.06233      | 78.8          | 0.01427      | 0.01413     | 0.04938        | 0.9855                 | 0.0007641    | 791.0  | -230179.251241 |
| JOEUSDT       | 0.001235      | 0.0009756   | 0.05298      | 69.03         | 0.01672      | 0.01544     | 0.02129        | 0.9911                 | 0.0008873    | 93.49  | -230179.251235 |
| SPELLUSDT     | 0.001225      | 0.001298    | 0.07332      | 80.1          | 0.01072      | 0.01584     | 0.03613        | 0.9721                 | 0.002378     | 297.5  | -230179.251225 |
| IOTXUSDT      | 0.001219      | 0.00138     | 0.07036      | 71.67         | 0.01626      | 0.01956     | 0.06527        | 0.965                  | 0.002581     | 687.85 | -230179.251219 |
| KAVAUSDT      | 0.001217      | 0.001354    | 0.06975      | 57.43         | 0.01523      | 0.01974     | 0.04768        | 0.9416                 | 0.003142     | 791.0  | -230179.251217 |
| RSRUSDT       | 0.001201      | 0.001407    | 0.07095      | 79.43         | 0.01853      | 0.01961     | 0.02745        | 0.9592                 | 0.002677     | 791.0  | -230179.251201 |
| COMPUSDT      | 0.001185      | 0.001125    | 0.07204      | 59.05         | 0.01758      | 0.01879     | 0.07189        | 0.9574                 | 0.002163     | 791.0  | -230179.251185 |
| IOSTUSDT      | 0.001185      | 0.001237    | 0.06404      | 88.32         | 0.01233      | 0.01734     | 0.02657        | 0.9595                 | 0.00251      | 791.0  | -230179.251185 |
| 1000XECUSDT   | 0.001171      | 0.00142     | 0.07106      | 71.65         | 0.009969     | 0.01858     | 0.03552        | 0.9213                 | 0.003182     | 651.85 | -230179.251171 |
| IDUSDT        | 0.00117       | 0.001286    | 0.04616      | 59.48         | 0.0143       | 0.01347     | 0.0253         | 0.9905                 | 0.0009792    | 99.39  | -230179.25117  |
| XEMUSDT       | 0.001168      | 0.001432    | 0.06763      | 64.92         | 0.0098       | 0.01483     | 0.02652        | 0.9568                 | 0.002416     | 791.0  | -230179.251168 |
| THETAUSDT     | 0.001159      | 0.001904    | 0.06967      | 78.42         | 0.01309      | 0.01163     | 0.03192        | 0.9759                 | 0.001398     | 791.0  | -230179.251159 |
| DENTUSDT      | 0.001151      | 0.001187    | 0.06901      | 72.0          | 0.0158       | 0.01824     | 0.03169        | 0.9624                 | 0.002308     | 791.0  | -230179.251151 |
| API3USDT      | 0.001148      | 0.001281    | 0.06346      | 93.72         | 0.01382      | 0.01605     | 0.01693        | 0.9698                 | 0.001812     | 493.85 | -230179.251148 |
| DGBUSDT       | 0.001144      | 0.001451    | 0.07111      | 77.58         | 0.01365      | 0.01265     | 0.02627        | 0.9746                 | 0.001346     | 791.0  | -230179.251144 |
| IMXUSDT       | 0.001141      | 0.001408    | 0.06077      | 88.72         | 0.01851      | 0.01783     | 0.01371        | 0.9812                 | 0.001294     | 504.85 | -230179.251141 |
| MATICUSDT     | 0.001131      | 0.001443    | 0.06939      | 78.78         | 0.01558      | 0.01867     | 0.03967        | 0.9691                 | 0.002017     | 791.0  | -230179.251131 |
| DUSKUSDT      | 0.001125      | 0.001397    | 0.05055      | 82.08         | 0.01494      | 0.01414     | 0.01544        | 0.9821                 | 0.000955     | 539.85 | -230179.251125 |
| KNCUSDT       | 0.001114      | 0.001258    | 0.06968      | 54.2          | 0.01686      | 0.01694     | 0.03231        | 0.9769                 | 0.001468     | 791.0  | -230179.251114 |
| DYDXUSDT      | 0.00111       | 0.001237    | 0.04755      | 50.35         | 0.01352      | 0.01309     | 0.01736        | 0.9866                 | 0.0007942    | 658.85 | -230179.25111  |
| FTMUSDT       | 0.001103      | 0.001624    | 0.0623       | 75.72         | 0.01902      | 0.01872     | 0.02658        | 0.9661                 | 0.001973     | 791.0  | -230179.251103 |
| QTUMUSDT      | 0.001098      | 0.001201    | 0.07332      | 63.48         | 0.01647      | 0.01799     | 0.05753        | 0.9588                 | 0.002126     | 791.0  | -230179.251098 |
| DASHUSDT      | 0.001095      | 0.001037    | 0.06705      | 53.75         | 0.0169       | 0.01603     | 0.05803        | 0.98                   | 0.001041     | 791.0  | -230179.251095 |
| XTZUSDT       | 0.001092      | 0.00157     | 0.06965      | 58.05         | 0.01295      | 0.01248     | 0.01317        | 0.9683                 | 0.001451     | 791.0  | -230179.251092 |
| ALGOUSDT      | 0.001087      | 0.001988    | 0.07116      | 66.85         | 0.01045      | 0.01213     | 0.06169        | 0.9596                 | 0.001813     | 791.0  | -230179.251087 |
| CELOUSDT      | 0.001086      | 0.001231    | 0.06805      | 56.97         | 0.01513      | 0.01634     | 0.04961        | 0.967                  | 0.002111     | 641.85 | -230179.251086 |
| ZECUSDT       | 0.001085      | 0.00136     | 0.07191      | 64.08         | 0.01179      | 0.0152      | 0.02167        | 0.9701                 | 0.002044     | 791.0  | -230179.251085 |
| FILUSDT       | 0.001083      | 0.001288    | 0.07278      | 86.27         | 0.01634      | 0.0187      | 0.0239         | 0.9606                 | 0.002111     | 791.0  | -230179.251083 |
| FLOWUSDT      | 0.001074      | 0.001206    | 0.04785      | 91.07         | 0.01283      | 0.0131      | 0.02505        | 0.9841                 | 0.0007925    | 505.85 | -230179.251074 |
| NEARUSDT      | 0.001032      | 0.001675    | 0.06571      | 81.48         | 0.01623      | 0.01836     | 0.0452         | 0.9666                 | 0.002187     | 791.0  | -230179.251032 |
| LINKUSDT      | 0.0009768     | 0.001415    | 0.06849      | 75.95         | 0.01118      | 0.01117     | 0.02549        | 0.9704                 | 0.001396     | 791.0  | -230179.250977 |
| SANDUSDT      | 0.000937      | 0.001205    | 0.05959      | 55.9          | 0.01474      | 0.01926     | 0.04685        | 0.955                  | 0.00253      | 791.0  | -230179.250937 |
| BELUSDT       | 0.0009189     | 0.001167    | 0.04665      | 65.38         | 0.01885      | 0.01965     | 0.03567        | 0.9352                 | 0.002251     | 791.0  | -230179.250919 |
| XLMUSDT       | 0.0009078     | 0.001005    | 0.06965      | 46.55         | 0.01008      | 0.01117     | 0.02079        | 0.9757                 | 0.001431     | 791.0  | -230179.250908 |
| TRXUSDT       | 0.0008826     | 0.0008261   | 0.07128      | 65.7          | 0.009621     | 0.009665    | 0.05037        | 0.9826                 | 0.0007849    | 791.0  | -230179.250883 |
| DOTUSDT       | 0.0008646     | 0.0009985   | 0.07413      | 80.08         | 0.01558      | 0.0174      | 0.02959        | 0.9637                 | 0.001951     | 791.0  | -230179.250865 |
| EOSUSDT       | 0.0008531     | 0.001183    | 0.07457      | 77.23         | 0.01111      | 0.01403     | 0.01935        | 0.9545                 | 0.002051     | 791.0  | -230179.250853 |
| RVNUSDT       | 0.0008469     | 0.001086    | 0.05091      | 78.3          | 0.01476      | 0.01498     | 0.02596        | 0.9717                 | 0.00141      | 791.0  | -230179.250847 |
| CTSIUSDT      | 0.0008395     | 0.0009638   | 0.05471      | 79.18         | 0.01731      | 0.01758     | 0.02934        | 0.9784                 | 0.001382     | 612.85 | -230179.250839 |
| KLAYUSDT      | 0.0008118     | 0.0007371   | 0.06237      | 69.03         | 0.01455      | 0.01861     | 0.03821        | 0.9753                 | 0.001395     | 626.85 | -230179.250812 |
| DARUSDT       | 0.0008066     | 0.001083    | 0.05521      | 78.75         | 0.01454      | 0.01825     | 0.03762        | 0.9695                 | 0.002441     | 427.85 | -230179.250807 |
| ROSEUSDT      | 0.0008044     | 0.001118    | 0.0701       | 67.83         | 0.01342      | 0.01921     | 0.03543        | 0.9596                 | 0.003022     | 546.85 | -230179.250804 |
| RUNEUSDT      | 0.0007917     | 0.001447    | 0.06976      | 82.25         | 0.01608      | 0.01637     | 0.02544        | 0.9721                 | 0.001941     | 791.0  | -230179.250792 |
| IOTAUSDT      | 0.0007871     | 0.001284    | 0.05447      | 63.52         | 0.007774     | 0.008356    | 0.01243        | 0.9752                 | 0.001127     | 791.0  | -230179.250787 |
| MKRUSDT       | 0.0007854     | 0.0009044   | 0.07191      | 53.78         | 0.01908      | 0.01967     | 0.07812        | 0.9471                 | 0.002798     | 791.0  | -230179.250785 |
| LDOUSDT       | 0.0007688     | 0.0007882   | 0.06209      | 72.27         | 0.01689      | 0.01722     | 0.03217        | 0.9858                 | 0.001218     | 281.5  | -230179.250769 |
| ATOMUSDT      | 0.0007628     | 0.001377    | 0.06047      | 82.62         | 0.01312      | 0.01311     | 0.01912        | 0.98                   | 0.001403     | 791.0  | -230179.250763 |
| APEUSDT       | 0.0007613     | 0.001416    | 0.05343      | 88.15         | 0.01351      | 0.01437     | 0.02525        | 0.9734                 | 0.001578     | 470.37 | -230179.250761 |
| XMRUSDT       | 0.0007041     | 0.001029    | 0.07138      | 63.4          | 0.01051      | 0.01532     | 0.04957        | 0.9727                 | 0.002316     | 791.0  | -230179.250704 |
| SXPUSDT       | 0.0006982     | 0.0008157   | 0.04897      | 80.73         | 0.01649      | 0.01994     | 0.03705        | 0.9798                 | 0.0007606    | 791.0  | -230179.250698 |
| UNFIUSDT      | 0.0006959     | 0.001689    | 0.0604       | 37.37         | 0.01805      | 0.01998     | 0.0915         | 0.805                  | 0.006192     | 791.0  | -230179.250696 |
| ADAUSDT       | 0.0006863     | 0.001078    | 0.05565      | 75.97         | 0.01355      | 0.01297     | 0.09897        | 0.9687                 | 0.001581     | 791.0  | -230179.250686 |
| MANAUSDT      | 0.0006677     | 0.00133     | 0.04613      | 95.98         | 0.01386      | 0.01685     | 0.04013        | 0.9805                 | 0.0011       | 791.0  | -230179.250668 |
| BALUSDT       | 0.00064       | 0.000873    | 0.07446      | 57.5          | 0.01951      | 0.01762     | 0.06771        | 0.9857                 | 0.001199     | 791.0  | -230179.25064  |
| UNIUSDT       | 0.0006311     | 0.001169    | 0.07318      | 77.35         | 0.01488      | 0.01782     | 0.06972        | 0.966                  | 0.001977     | 791.0  | -230179.250631 |
| INJUSDT       | 0.0006216     | 0.0007924   | 0.02548      | 60.72         | 0.01394      | 0.0124      | 0.01703        | 0.9823                 | 0.0008089    | 317.88 | -230179.250622 |
| YFIUSDT       | 0.0005816     | 0.001476    | 0.07         | 74.33         | 0.01493      | 0.01702     | 0.09718        | 0.9325                 | 0.002229     | 791.0  | -230179.250582 |
| LPTUSDT       | 0.0005809     | 0.0007125   | 0.04078      | 88.75         | 0.01285      | 0.01431     | 0.02096        | 0.9858                 | 0.0007746    | 596.85 | -230179.250581 |
| BAKEUSDT      | 0.0001992     | 0.0003663   | 0.01727      | 84.32         | 0.01896      | 0.01598     | 0.09216        | 0.9935                 | 0.0002618    | 772.71 | -230179.250199 |
| ICPUSDT       | 0.001044      | 0.001187    | 0.07653      | 49.92         | 0.009557     | 0.01788     | 0.077          | 0.9631                 | 0.002869     | 276.89 | -230179.235794 |
| QNTUSDT       | 0.0009226     | 0.001409    | 0.1226       | 55.7          | 0.01522      | 0.01548     | 0.09832        | 0.9835                 | 0.002041     | 253.89 | -230178.774614 |
| CVXUSDT       | 0.0008276     | 0.00104     | 0.1387       | 44.63         | 0.01716      | 0.01656     | 0.0916         | 0.9822                 | 0.001723     | 281.49 | -230178.614045 |
| ARUSDT        | 0.000755      | 0.001141    | 0.06994      | 70.42         | 0.01911      | 0.02032     | 0.0826         | 0.9615                 | 0.002751     | 640.85 | -230176.041938 |
| ANTUSDT       | 0.0003348     | 0.0009258   | 0.08868      | 55.42         | 0.02151      | 0.02023     | 0.08445        | 0.9587                 | 0.003178     | 550.83 | -230175.287415 |
| STXUSDT       | 0.0007133     | 0.0007626   | 0.03982      | 51.63         | 0.01776      | 0.0204      | 0.02198        | 0.9929                 | 0.0006995    | 129.39 | -230175.238066 |
| GTCUSDT       | 0.0006462     | 0.001339    | 0.06051      | 94.75         | 0.02046      | 0.02091     | 0.03531        | 0.9296                 | 0.003199     | 749.85 | -230169.677309 |
| AUDIOUSDT     | 0.00101       | 0.001291    | 0.06638      | 87.8          | 0.01872      | 0.02212     | 0.02532        | 0.9534                 | 0.002817     | 680.85 | -230158.063524 |
| MAGICUSDT     | 0.00108       | 0.001258    | 0.07291      | 82.95         | 0.02133      | 0.0224      | 0.06835        | 0.964                  | 0.003149     | 156.87 | -230153.929916 |
| C98USDT       | 0.0008985     | 0.001181    | 0.07514      | 80.57         | 0.01882      | 0.0226      | 0.09453        | 0.9323                 | 0.003426     | 675.85 | -230153.250295 |
| CFXUSDT       | 0.001179      | 0.00121     | 0.06088      | 44.92         | 0.02123      | 0.02265     | 0.07236        | 0.9811                 | 0.002161     | 130.39 | -230151.472027 |
| BANDUSDT      | 0.000823      | 0.00126     | 0.08785      | 26.13         | 0.02114      | 0.02274     | 0.08374        | 0.9324                 | 0.003499     | 791.0  | -230150.616029 |
| OPUSDT        | 0.0008445     | 0.001172    | 0.08374      | 54.12         | 0.02263      | 0.02325     | 0.07896        | 0.9756                 | 0.002476     | 394.41 | -230144.000989 |
| PEOPLEUSDT    | 0.00064       | 0.001203    | 0.03831      | 77.68         | 0.01784      | 0.02374     | 0.06949        | 0.944                  | 0.003236     | 553.83 | -230141.889295 |
| ETCUSDT       | 0.0004027     | 0.0006717   | 0.05184      | 76.78         | 0.01758      | 0.02389     | 0.0673         | 0.9588                 | 0.003289     | 791.0  | -230140.337687 |
| ZILUSDT       | 0.0004886     | 0.0007181   | 0.04138      | 56.02         | 0.01904      | 0.02501     | 0.07425        | 0.974                  | 0.001142     | 791.0  | -230129.13575  |
| LINAUSDT      | 0.0009681     | 0.0007718   | 0.04855      | 86.15         | 0.01838      | 0.0252      | 0.06496        | 0.9309                 | 0.003813     | 791.0  | -230127.232632 |
| WAVESUSDT     | 0.0007792     | 0.0008922   | 0.05665      | 67.15         | 0.02163      | 0.02673     | 0.05279        | 0.9646                 | 0.00202      | 791.0  | -230110.372875 |
| MASKUSDT      | 0.0007543     | 0.001022    | 0.04442      | 72.2          | 0.02905      | 0.02983     | 0.06997        | 0.9571                 | 0.001765     | 672.85 | -230071.899775 |
| GMTUSDT       | 0.0005565     | 0.0007491   | 0.04313      | 97.18         | 0.02797      | 0.03614     | 0.07948        | 0.9456                 | 0.003356     | 472.83 | -229891.50449  |
| EGLDUSDT      | 0.000989      | 0.001427    | 0.1071       | 87.63         | 0.01959      | 0.02356     | 0.1117         | 0.9421                 | 0.003083     | 791.0  | -228969.36526  |
| STGUSDT       | 0.0004525     | 0.0007653   | 0.0333       | 111.2         | 0.01328      | 0.01288     | 0.02           | 0.9792                 | 0.001037     | 309.5  | -228659.250453 |
| KSMUSDT       | 0.0007197     | 0.001446    | 0.08542      | 79.43         | 0.02457      | 0.0244      | 0.1285         | 0.9714                 | 0.001854     | 791.0  | -227279.930039 |
| AAVEUSDT      | 0.0003714     | 0.001163    | 0.1153       | 53.42         | 0.02811      | 0.02821     | 0.3169         | 0.9562                 | 0.003358     | 791.0  | -208400.066111 |
| AXSUSDT       | 0.001038      | 0.0017      | 0.1382       | 86.58         | 0.03848      | 0.04849     | 0.4144         | 0.9294                 | 0.003919     | 791.0  | -198431.714215 |
| AVAXUSDT      | 0.0005378     | 0.001277    | 0.1363       | 79.7          | 0.02626      | 0.02546     | 0.4213         | 0.9507                 | 0.003402     | 791.0  | -197990.516911 |
| GALAUSDT      | 0.0004892     | 0.0003224   | 0.07318      | 54.82         | 0.03454      | 0.05432     | 0.4504         | 0.9311                 | 0.00855      | 650.85 | -194781.854769 |
| APTUSDT       | 0.0001385     | 0.0001707   | 0.09459      | 47.28         | 0.03273      | 0.04196     | 0.6875         | 0.9407                 | 0.007816     | 254.92 | -171198.979089 |
+---------------+---------------+-------------+--------------+---------------+--------------+-------------+----------------+------------------------+--------------+--------+----------------+

