+--------------------------------------------------------------------------------------------------------------------------------------------------------------------------------------------+
|                                                                                            long                                                                                            |
+-----------+---------------+-------------+--------------+-----------------+---------------+--------------+-------------+-------------------------+----------------+---------+---------------+
| symbol    | adg_w_per_exp | adg_per_exp | exp_rts_mean | time_at_max_exp | hrs_stuck_max | pa_dist_mean | pa_dist_std | pa_dist_1pct_worst_mean | loss_profit_rt | n_days  | score         |
+-----------+---------------+-------------+--------------+-----------------+---------------+--------------+-------------+-------------------------+----------------+---------+---------------+
| ATOMUSDT  | 0.001256      | 0.002759    | 0.1485       | 0.06349         | 128.9         | 0.01235      | 0.02091     | 0.1235                  | 0.01153        | 742.88  | 1297211.49874 |
| HBARUSDT  | 0.0009843     | 0.001475    | 0.1335       | 0.03694         | 133.2         | 0.01469      | 0.01794     | 0.1027                  | 0.062          | 728.71  | 1297211.49902 |
| 1INCHUSDT | 0.0009555     | 0.001146    | 0.09331      | 0.05874         | 129.3         | 0.01373      | 0.01738     | 0.1085                  | 0.02641        | 686.62  | 1297211.49904 |
| DOGEUSDT  | 0.0009451     | 0.001751    | 0.1074       | 0.02227         | 129.3         | 0.01099      | 0.0192      | 0.124                   | 0.02572        | 873.58  | 1297211.49905 |
| SKLUSDT   | 0.0009002     | 0.001572    | 0.1499       | 0.07297         | 104.4         | 0.0197       | 0.02634     | 0.1476                  | 0.05759        | 579.62  | 1297211.4991  |
| NEARUSDT  | 0.000865      | 0.001573    | 0.1069       | 0.07392         | 129.2         | 0.01755      | 0.02529     | 0.1487                  | 0.07747        | 742.83  | 1297211.49913 |
| CELRUSDT  | 0.0008679     | 0.001605    | 0.1172       | 0.04009         | 129.9         | 0.01596      | 0.01988     | 0.1322                  | 0.01581        | 728.7   | 1297211.49913 |
| LINKUSDT  | 0.0007603     | 0.001792    | 0.1071       | 0.04995         | 109.2         | 0.01516      | 0.02291     | 0.1424                  | 0.03556        | 1097.62 | 1297211.49924 |
| VETUSDT   | 0.0006459     | 0.001223    | 0.1305       | 0.08868         | 74.47         | 0.01132      | 0.01904     | 0.1011                  | 0.05516        | 728.7   | 1297211.49935 |
| SANDUSDT  | 0.0006221     | 0.001726    | 0.06986      | 0.03268         | 81.6          | 0.01258      | 0.02369     | 0.1493                  | 0.01823        | 721.62  | 1297211.49938 |
| MATICUSDT | 0.0005951     | 0.001313    | 0.1167       | 0.07199         | 87.52         | 0.01359      | 0.02273     | 0.1488                  | 0.04076        | 846.75  | 1297211.4994  |
| ANKRUSDT  | 0.0005768     | 0.001036    | 0.08461      | 0.02075         | 94.98         | 0.01197      | 0.01924     | 0.1187                  | 0.05766        | 698.7   | 1297211.49942 |
| THETAUSDT | 0.0005424     | 0.00103     | 0.07495      | 0.01771         | 101.0         | 0.01544      | 0.02336     | 0.1496                  | 0.03899        | 783.46  | 1297211.49946 |
| DOTUSDT   | 0.0004255     | 0.001169    | 0.06276      | 0.007196        | 134.6         | 0.01192      | 0.01691     | 0.1022                  | 0.01072        | 949.62  | 1297211.49957 |
| SOLUSDT   | 0.001029      | 0.001863    | 0.1426       | 0.005216        | 235.3         | 0.03052      | 0.02812     | 0.1489                  | 0.1824         | 846.71  | 2212982.23069 |
+-----------+---------------+-------------+--------------+-----------------+---------------+--------------+-------------+-------------------------+----------------+---------+---------------+

+------------------------------------------------------------------------------------------------------------------------------------------------------------------------------------------+
|                                                                                          short                                                                                           |
+-----------+---------------+-------------+--------------+-----------------+---------------+--------------+-------------+-------------------------+----------------+---------+-------------+
| symbol    | adg_w_per_exp | adg_per_exp | exp_rts_mean | time_at_max_exp | hrs_stuck_max | pa_dist_mean | pa_dist_std | pa_dist_1pct_worst_mean | loss_profit_rt | n_days  | score       |
+-----------+---------------+-------------+--------------+-----------------+---------------+--------------+-------------+-------------------------+----------------+---------+-------------+
| ANKRUSDT  | 0.0           | 0.0         | 0.0          | 0.0             | nan           | 100.0        | 1.0         | 100.0                   | 1.0            | 698.7   | 111244011.5 |
| DOTUSDT   | 0.0           | 0.0         | 0.0          | 0.0             | nan           | 100.0        | 1.0         | 100.0                   | 1.0            | 949.62  | 111244011.5 |
| MATICUSDT | 0.0           | 0.0         | 0.0          | 0.0             | nan           | 100.0        | 1.0         | 100.0                   | 1.0            | 846.75  | 111244011.5 |
| NEARUSDT  | 0.0           | 0.0         | 0.0          | 0.0             | nan           | 100.0        | 1.0         | 100.0                   | 1.0            | 742.83  | 111244011.5 |
| 1INCHUSDT | 0.0           | 0.0         | 0.0          | 0.0             | nan           | 100.0        | 1.0         | 100.0                   | 1.0            | 686.62  | 111244011.5 |
| DOGEUSDT  | 0.0           | 0.0         | 0.0          | 0.0             | nan           | 100.0        | 1.0         | 100.0                   | 1.0            | 873.58  | 111244011.5 |
| SOLUSDT   | 0.0           | 0.0         | 0.0          | 0.0             | nan           | 100.0        | 1.0         | 100.0                   | 1.0            | 846.71  | 111244011.5 |
| SKLUSDT   | 0.0           | 0.0         | 0.0          | 0.0             | nan           | 100.0        | 1.0         | 100.0                   | 1.0            | 579.62  | 111244011.5 |
| VETUSDT   | 0.0           | 0.0         | 0.0          | 0.0             | nan           | 100.0        | 1.0         | 100.0                   | 1.0            | 728.7   | 111244011.5 |
| THETAUSDT | 0.0           | 0.0         | 0.0          | 0.0             | nan           | 100.0        | 1.0         | 100.0                   | 1.0            | 783.46  | 111244011.5 |
| ATOMUSDT  | 0.0           | 0.0         | 0.0          | 0.0             | nan           | 100.0        | 1.0         | 100.0                   | 1.0            | 742.88  | 111244011.5 |
| SANDUSDT  | 0.0           | 0.0         | 0.0          | 0.0             | nan           | 100.0        | 1.0         | 100.0                   | 1.0            | 721.62  | 111244011.5 |
| HBARUSDT  | 0.0           | 0.0         | 0.0          | 0.0             | nan           | 100.0        | 1.0         | 100.0                   | 1.0            | 728.71  | 111244011.5 |
| LINKUSDT  | 0.0           | 0.0         | 0.0          | 0.0             | nan           | 100.0        | 1.0         | 100.0                   | 1.0            | 1097.62 | 111244011.5 |
| CELRUSDT  | 0.0           | 0.0         | 0.0          | 0.0             | nan           | 100.0        | 1.0         | 100.0                   | 1.0            | 728.7   | 111244011.5 |
+-----------+---------------+-------------+--------------+-----------------+---------------+--------------+-------------+-------------------------+----------------+---------+-------------+

