+------------------------------------------------------------------------------------------------------------------------------------------------------------------------------------------------+
|                                                                                              long                                                                                              |
+-----------+---------------------------+---------------+------------------+-----------------+-------------------+------------------------------+-----------------+--------+---------------------+
| symbol    | adg_weighted_per_exposure | hrs_stuck_max | pa_distance_mean | pa_distance_std | loss_profit_ratio | eqbal_ratio_mean_of_10_worst | eqbal_ratio_std | n_days | score               |
+-----------+---------------------------+---------------+------------------+-----------------+-------------------+------------------------------+-----------------+--------+---------------------+
| FETUSDT   | 0.006569                  | 83.84         | 0.01624          | 0.01375         | 0.01116           | 0.9446                       | 0.006708        | 96.88  | -56012.50656925782  |
| QNTUSDT   | 0.003361                  | 79.1          | 0.00874          | 0.01861         | 0.2972            | 0.8424                       | 0.009976        | 185.88 | -56012.50336107971  |
| OPUSDT    | 0.003215                  | 85.58         | 0.01368          | 0.01324         | 0.1357            | 0.8884                       | 0.009439        | 326.38 | -56012.50321528502  |
| MATICUSDT | 0.002093                  | 87.88         | 0.007933         | 0.01306         | 0.2264            | 0.8738                       | 0.008537        | 722.96 | -56012.502092637485 |
| ARUSDT    | 0.002042                  | 59.72         | 0.01035          | 0.01454         | 0.195             | 0.8402                       | 0.009046        | 572.83 | -56012.50204212415  |
| APEUSDT   | 0.001761                  | 92.37         | 0.01215          | 0.01444         | 0.2986            | 0.8549                       | 0.009599        | 402.33 | -56012.50176112034  |
| FTMUSDT   | 0.0009846                 | 92.12         | 0.01434          | 0.0169          | 0.2933            | 0.7569                       | 0.009495        | 722.96 | -56012.50098455262  |
| ZILUSDT   | 0.0008771                 | 73.35         | 0.01125          | 0.01717         | 0.2309            | 0.822                        | 0.009887        | 722.96 | -56012.50087713529  |
| UNIUSDT   | 0.000843                  | 83.1          | 0.01504          | 0.01409         | 0.1728            | 0.813                        | 0.007797        | 722.96 | -56012.500842952664 |
+-----------+---------------------------+---------------+------------------+-----------------+-------------------+------------------------------+-----------------+--------+---------------------+

+-------------------------------------------------------------------------------------------------------------------------------------------------------------------------------------+
|                                                                                        short                                                                                        |
+-----------+---------------------------+---------------+------------------+-----------------+-------------------+------------------------------+-----------------+--------+----------+
| symbol    | adg_weighted_per_exposure | hrs_stuck_max | pa_distance_mean | pa_distance_std | loss_profit_ratio | eqbal_ratio_mean_of_10_worst | eqbal_ratio_std | n_days | score    |
+-----------+---------------------------+---------------+------------------+-----------------+-------------------+------------------------------+-----------------+--------+----------+
| MATICUSDT | 0.0                       | nan           | 100.0            | 1.0             | 1.0               | 1.0                          | 0.0             | 722.96 | -18040.0 |
| APEUSDT   | 0.0                       | nan           | 100.0            | 1.0             | 1.0               | 1.0                          | 0.0             | 402.33 | -18040.0 |
| UNIUSDT   | 0.0                       | nan           | 100.0            | 1.0             | 1.0               | 1.0                          | 0.0             | 722.96 | -18040.0 |
| FETUSDT   | 0.0                       | nan           | 100.0            | 1.0             | 1.0               | 1.0                          | 0.0             | 96.88  | -18040.0 |
| ARUSDT    | 0.0                       | nan           | 100.0            | 1.0             | 1.0               | 1.0                          | 0.0             | 572.83 | -18040.0 |
| FTMUSDT   | 0.0                       | nan           | 100.0            | 1.0             | 1.0               | 1.0                          | 0.0             | 722.96 | -18040.0 |
| QNTUSDT   | 0.0                       | nan           | 100.0            | 1.0             | 1.0               | 1.0                          | 0.0             | 185.88 | -18040.0 |
| OPUSDT    | 0.0                       | nan           | 100.0            | 1.0             | 1.0               | 1.0                          | 0.0             | 326.38 | -18040.0 |
| ZILUSDT   | 0.0                       | nan           | 100.0            | 1.0             | 1.0               | 1.0                          | 0.0             | 722.96 | -18040.0 |
+-----------+---------------------------+---------------+------------------+-----------------+-------------------+------------------------------+-----------------+--------+----------+

