+-----------------------------------------------------------------------------------------------------------------------------------------------------------------------------------------+
|                                                                                           long                                                                                          |
+-----------+---------------+-------------+--------------+---------------+--------------+-------------+----------------+------------------------+--------------+---------+----------------+
| symbol    | adg_w_per_exp | adg_per_exp | exp_rts_mean | hrs_stuck_max | pa_dist_mean | pa_dist_std | loss_profit_rt | eqbal_rt_10_worst_mean | eqbal_rt_std | n_days  | score          |
+-----------+---------------+-------------+--------------+---------------+--------------+-------------+----------------+------------------------+--------------+---------+----------------+
| DOGEUSDT  | 0.002657      | 0.005059    | 0.09763      | 68.38         | 0.00915      | 0.01757     | 0.1489         | 0.9538                 | 0.002566     | 1055.58 | -425179.002657 |
| SANDUSDT  | 0.002625      | 0.002737    | 0.04954      | 68.72         | 0.01248      | 0.01888     | 0.1437         | 0.9524                 | 0.002033     | 856.67  | -425179.002625 |
| CHZUSDT   | 0.002297      | 0.003997    | 0.04019      | 62.13         | 0.01165      | 0.01459     | 0.03818        | 0.9653                 | 0.001545     | 860.67  | -425179.002297 |
| MATICUSDT | 0.002269      | 0.004953    | 0.08281      | 69.57         | 0.01201      | 0.01881     | 0.1318         | 0.96                   | 0.002504     | 951.67  | -425179.002269 |
| HBARUSDT  | 0.002044      | 0.003358    | 0.06914      | 58.32         | 0.008936     | 0.01813     | 0.1474         | 0.9552                 | 0.00229      | 805.67  | -425179.002044 |
| GRTUSDT   | 0.001958      | 0.003541    | 0.09999      | 64.63         | 0.01546      | 0.01935     | 0.07735        | 0.9467                 | 0.003089     | 893.67  | -425179.001958 |
| MANAUSDT  | 0.001928      | 0.003168    | 0.05846      | 77.82         | 0.00949      | 0.01942     | 0.136          | 0.9533                 | 0.002266     | 807.67  | -425179.001928 |
| COTIUSDT  | 0.001835      | 0.002867    | 0.09306      | 74.42         | 0.01449      | 0.0189      | 0.1332         | 0.9516                 | 0.002604     | 812.67  | -425179.001835 |
| RSRUSDT   | 0.001788      | 0.002365    | 0.02949      | 81.68         | 0.01622      | 0.01503     | 0.1142         | 0.9634                 | 0.001397     | 954.67  | -425179.001788 |
| ANKRUSDT  | 0.00161       | 0.00261     | 0.05888      | 65.83         | 0.01245      | 0.01932     | 0.1379         | 0.953                  | 0.002447     | 855.67  | -425179.00161  |
| CELRUSDT  | 0.001511      | 0.002503    | 0.08602      | 86.65         | 0.01664      | 0.01828     | 0.06721        | 0.9522                 | 0.002403     | 793.67  | -425179.001511 |
| SKLUSDT   | 0.001504      | 0.002541    | 0.05629      | 80.78         | 0.01501      | 0.0192      | 0.1001         | 0.955                  | 0.002683     | 904.67  | -425179.001504 |
| ATOMUSDT  | 0.001492      | 0.002829    | 0.098        | 94.62         | 0.01088      | 0.01718     | 0.128          | 0.9336                 | 0.002534     | 1209.46 | -425179.001492 |
| LINKUSDT  | 0.00134       | 0.002834    | 0.06019      | 88.23         | 0.01494      | 0.01842     | 0.09979        | 0.9529                 | 0.002226     | 1230.62 | -425179.00134  |
| FTMUSDT   | 0.001308      | 0.002258    | 0.03751      | 76.45         | 0.01724      | 0.01653     | 0.1136         | 0.9608                 | 0.001566     | 979.67  | -425179.001308 |
| THETAUSDT | 0.001304      | 0.002638    | 0.09491      | 83.08         | 0.01626      | 0.01845     | 0.1411         | 0.9498                 | 0.002998     | 1099.62 | -425179.001304 |
| SNXUSDT   | 0.001302      | 0.002367    | 0.07309      | 76.62         | 0.01598      | 0.01574     | 0.03357        | 0.9595                 | 0.00205      | 1020.67 | -425179.001302 |
| DOTUSDT   | 0.001285      | 0.002931    | 0.09012      | 87.35         | 0.01332      | 0.01927     | 0.08074        | 0.9492                 | 0.002674     | 1012.67 | -425179.001285 |
| ZILUSDT   | 0.001127      | 0.001881    | 0.03673      | 74.47         | 0.01325      | 0.01323     | 0.01766        | 0.9556                 | 0.001283     | 1077.58 | -425179.001127 |
| VETUSDT   | 0.001116      | 0.00213     | 0.054        | 73.77         | 0.01175      | 0.01879     | 0.1475         | 0.926                  | 0.002273     | 1202.62 | -425179.001116 |
| SXPUSDT   | 0.001075      | 0.003598    | 0.06223      | 80.93         | 0.0158       | 0.01911     | 0.1257         | 0.953                  | 0.002463     | 1044.58 | -425179.001075 |
| SUSHIUSDT | 0.001043      | 0.002637    | 0.09867      | 74.3          | 0.01835      | 0.01536     | 0.1364         | 0.9511                 | 0.002258     | 999.67  | -425179.001043 |
| ENJUSDT   | 0.001016      | 0.001864    | 0.05213      | 79.2          | 0.01664      | 0.01984     | 0.1023         | 0.9465                 | 0.002119     | 974.67  | -425179.001016 |
| ONEUSDT   | 0.001004      | 0.002064    | 0.07781      | 72.03         | 0.01845      | 0.01661     | 0.1379         | 0.9557                 | 0.002338     | 804.67  | -425179.001004 |
| UNIUSDT   | 0.0009626     | 0.002288    | 0.09055      | 93.82         | 0.01943      | 0.01826     | 0.07291        | 0.96                   | 0.00225      | 985.67  | -425179.000963 |
| XTZUSDT   | 0.0008232     | 0.001814    | 0.0385       | 85.8          | 0.01165      | 0.01843     | 0.1047         | 0.9382                 | 0.001967     | 1210.62 | -425179.000823 |
| CHRUSDT   | 0.0007679     | 0.001816    | 0.06561      | 84.8          | 0.01713      | 0.01813     | 0.1321         | 0.9567                 | 0.002317     | 810.67  | -425179.000768 |
| ADAUSDT   | 0.0006769     | 0.002051    | 0.02433      | 94.37         | 0.01448      | 0.01923     | 0.09257        | 0.9377                 | 0.001611     | 1216.62 | -425179.000677 |
| AAVEUSDT  | 0.0003168     | 0.001348    | 0.1283       | 203.1         | 0.04439      | 0.0477      | 0.144          | 0.9259                 | 0.00514      | 957.67  | -414165.62326  |
+-----------+---------------+-------------+--------------+---------------+--------------+-------------+----------------+------------------------+--------------+---------+----------------+

+-----------------------------------------------------------------------------------------------------------------------------------------------------------------------------------+
|                                                                                       short                                                                                       |
+-----------+---------------+-------------+--------------+---------------+--------------+-------------+----------------+------------------------+--------------+---------+----------+
| symbol    | adg_w_per_exp | adg_per_exp | exp_rts_mean | hrs_stuck_max | pa_dist_mean | pa_dist_std | loss_profit_rt | eqbal_rt_10_worst_mean | eqbal_rt_std | n_days  | score    |
+-----------+---------------+-------------+--------------+---------------+--------------+-------------+----------------+------------------------+--------------+---------+----------+
| SUSHIUSDT | 0.0           | 0.0         | 0.0          | nan           | 100.0        | 1.0         | 1.0            | 1.0                    | 0.0          | 999.67  | -30399.0 |
| CHRUSDT   | 0.0           | 0.0         | 0.0          | nan           | 100.0        | 1.0         | 1.0            | 1.0                    | 0.0          | 810.67  | -30399.0 |
| ATOMUSDT  | 0.0           | 0.0         | 0.0          | nan           | 100.0        | 1.0         | 1.0            | 1.0                    | 0.0          | 1209.46 | -30399.0 |
| CELRUSDT  | 0.0           | 0.0         | 0.0          | nan           | 100.0        | 1.0         | 1.0            | 1.0                    | 0.0          | 793.67  | -30399.0 |
| MATICUSDT | 0.0           | 0.0         | 0.0          | nan           | 100.0        | 1.0         | 1.0            | 1.0                    | 0.0          | 951.67  | -30399.0 |
| SKLUSDT   | 0.0           | 0.0         | 0.0          | nan           | 100.0        | 1.0         | 1.0            | 1.0                    | 0.0          | 904.67  | -30399.0 |
| SXPUSDT   | 0.0           | 0.0         | 0.0          | nan           | 100.0        | 1.0         | 1.0            | 1.0                    | 0.0          | 1044.58 | -30399.0 |
| HBARUSDT  | 0.0           | 0.0         | 0.0          | nan           | 100.0        | 1.0         | 1.0            | 1.0                    | 0.0          | 805.67  | -30399.0 |
| ANKRUSDT  | 0.0           | 0.0         | 0.0          | nan           | 100.0        | 1.0         | 1.0            | 1.0                    | 0.0          | 855.67  | -30399.0 |
| RSRUSDT   | 0.0           | 0.0         | 0.0          | nan           | 100.0        | 1.0         | 1.0            | 1.0                    | 0.0          | 954.67  | -30399.0 |
| SNXUSDT   | 0.0           | 0.0         | 0.0          | nan           | 100.0        | 1.0         | 1.0            | 1.0                    | 0.0          | 1020.67 | -30399.0 |
| MANAUSDT  | 0.0           | 0.0         | 0.0          | nan           | 100.0        | 1.0         | 1.0            | 1.0                    | 0.0          | 807.67  | -30399.0 |
| XTZUSDT   | 0.0           | 0.0         | 0.0          | nan           | 100.0        | 1.0         | 1.0            | 1.0                    | 0.0          | 1210.62 | -30399.0 |
| GRTUSDT   | 0.0           | 0.0         | 0.0          | nan           | 100.0        | 1.0         | 1.0            | 1.0                    | 0.0          | 893.67  | -30399.0 |
| UNIUSDT   | 0.0           | 0.0         | 0.0          | nan           | 100.0        | 1.0         | 1.0            | 1.0                    | 0.0          | 985.67  | -30399.0 |
| ADAUSDT   | 0.0           | 0.0         | 0.0          | nan           | 100.0        | 1.0         | 1.0            | 1.0                    | 0.0          | 1216.62 | -30399.0 |
| CHZUSDT   | 0.0           | 0.0         | 0.0          | nan           | 100.0        | 1.0         | 1.0            | 1.0                    | 0.0          | 860.67  | -30399.0 |
| FTMUSDT   | 0.0           | 0.0         | 0.0          | nan           | 100.0        | 1.0         | 1.0            | 1.0                    | 0.0          | 979.67  | -30399.0 |
| COTIUSDT  | 0.0           | 0.0         | 0.0          | nan           | 100.0        | 1.0         | 1.0            | 1.0                    | 0.0          | 812.67  | -30399.0 |
| LINKUSDT  | 0.0           | 0.0         | 0.0          | nan           | 100.0        | 1.0         | 1.0            | 1.0                    | 0.0          | 1230.62 | -30399.0 |
| ENJUSDT   | 0.0           | 0.0         | 0.0          | nan           | 100.0        | 1.0         | 1.0            | 1.0                    | 0.0          | 974.67  | -30399.0 |
| THETAUSDT | 0.0           | 0.0         | 0.0          | nan           | 100.0        | 1.0         | 1.0            | 1.0                    | 0.0          | 1099.62 | -30399.0 |
| DOTUSDT   | 0.0           | 0.0         | 0.0          | nan           | 100.0        | 1.0         | 1.0            | 1.0                    | 0.0          | 1012.67 | -30399.0 |
| DOGEUSDT  | 0.0           | 0.0         | 0.0          | nan           | 100.0        | 1.0         | 1.0            | 1.0                    | 0.0          | 1055.58 | -30399.0 |
| ONEUSDT   | 0.0           | 0.0         | 0.0          | nan           | 100.0        | 1.0         | 1.0            | 1.0                    | 0.0          | 804.67  | -30399.0 |
| AAVEUSDT  | 0.0           | 0.0         | 0.0          | nan           | 100.0        | 1.0         | 1.0            | 1.0                    | 0.0          | 957.67  | -30399.0 |
| VETUSDT   | 0.0           | 0.0         | 0.0          | nan           | 100.0        | 1.0         | 1.0            | 1.0                    | 0.0          | 1202.62 | -30399.0 |
| SANDUSDT  | 0.0           | 0.0         | 0.0          | nan           | 100.0        | 1.0         | 1.0            | 1.0                    | 0.0          | 856.67  | -30399.0 |
| ZILUSDT   | 0.0           | 0.0         | 0.0          | nan           | 100.0        | 1.0         | 1.0            | 1.0                    | 0.0          | 1077.58 | -30399.0 |
+-----------+---------------+-------------+--------------+---------------+--------------+-------------+----------------+------------------------+--------------+---------+----------+

