+---------------------------------------------------------------------------------------------------------------------------------------------------------------------------------------------------+
|                                                                                                long                                                                                               |
+--------------+---------------------------+---------------+------------------+-----------------+-------------------+------------------------------+-----------------+--------+---------------------+
| symbol       | adg_weighted_per_exposure | hrs_stuck_max | pa_distance_mean | pa_distance_std | loss_profit_ratio | eqbal_ratio_mean_of_10_worst | eqbal_ratio_std | n_days | score               |
+--------------+---------------------------+---------------+------------------+-----------------+-------------------+------------------------------+-----------------+--------+---------------------+
| CHRUSDT      | 0.003143                  | 23.62         | 0.01895          | 0.01911         | 0.1847            | 0.882                        | 0.008676        | 717.0  | -56012.5031427042   |
| 1000SHIBUSDT | 0.002973                  | 86.42         | 0.01081          | 0.02029         | 0.2762            | 0.7683                       | 0.009987        | 707.26 | -56012.502973095194 |
| XMRUSDT      | 0.002752                  | 48.15         | 0.009439         | 0.01134         | 0.2283            | 0.877                        | 0.008146        | 717.0  | -56012.50275194099  |
| CRVUSDT      | 0.002594                  | 81.42         | 0.02423          | 0.02313         | 0.0746            | 0.8574                       | 0.009349        | 717.0  | -56012.50259396729  |
| UNIUSDT      | 0.002591                  | 64.28         | 0.0184           | 0.01717         | 0.1823            | 0.843                        | 0.009015        | 717.0  | -56012.50259112065  |
| IOTAUSDT     | 0.002369                  | 45.92         | 0.02134          | 0.02059         | 0.1349            | 0.8854                       | 0.009506        | 717.0  | -56012.50236938811  |
| HOTUSDT      | 0.002355                  | 66.2          | 0.01167          | 0.01784         | 0.1887            | 0.7663                       | 0.009961        | 717.0  | -56012.5023547647   |
| AXSUSDT      | 0.002326                  | 48.48         | 0.01207          | 0.01615         | 0.2634            | 0.79                         | 0.009353        | 717.0  | -56012.502325857946 |
| TRXUSDT      | 0.002228                  | 79.47         | 0.01052          | 0.01512         | 0.2601            | 0.7997                       | 0.009864        | 717.0  | -56012.502228240206 |
| MATICUSDT    | 0.002145                  | 49.22         | 0.01382          | 0.01738         | 0.204             | 0.8068                       | 0.009662        | 717.0  | -56012.50214539061  |
| VETUSDT      | 0.002106                  | 82.65         | 0.0172           | 0.01801         | 0.2044            | 0.8053                       | 0.009971        | 717.0  | -56012.502105986874 |
| TOMOUSDT     | 0.002101                  | 68.02         | 0.01805          | 0.01626         | 0.1834            | 0.8428                       | 0.009378        | 717.0  | -56012.50210146503  |
| HBARUSDT     | 0.002034                  | 82.98         | 0.0118           | 0.01637         | 0.1432            | 0.831                        | 0.009755        | 717.0  | -56012.502033784665 |
| ALGOUSDT     | 0.001932                  | 73.95         | 0.01501          | 0.01738         | 0.268             | 0.8085                       | 0.009957        | 717.0  | -56012.50193188513  |
| NKNUSDT      | 0.001927                  | 42.47         | 0.01387          | 0.01669         | 0.2126            | 0.7819                       | 0.009337        | 717.0  | -56012.501926995785 |
| RLCUSDT      | 0.001916                  | 34.77         | 0.01459          | 0.01771         | 0.1986            | 0.765                        | 0.009979        | 717.0  | -56012.501916387875 |
| MKRUSDT      | 0.001905                  | 92.28         | 0.01314          | 0.02406         | 0.1179            | 0.7082                       | 0.00996         | 717.0  | -56012.50190470698  |
| DOGEUSDT     | 0.001876                  | 76.3          | 0.01293          | 0.0206          | 0.2272            | 0.7678                       | 0.009961        | 717.0  | -56012.50187616359  |
| COTIUSDT     | 0.001864                  | 57.0          | 0.01194          | 0.01698         | 0.2516            | 0.795                        | 0.009606        | 717.0  | -56012.50186444675  |
| CHZUSDT      | 0.001839                  | 20.15         | 0.01056          | 0.0137          | 0.1821            | 0.8235                       | 0.007157        | 717.0  | -56012.50183947076  |
| NEARUSDT     | 0.001821                  | 70.05         | 0.01094          | 0.01686         | 0.2823            | 0.8216                       | 0.007156        | 717.0  | -56012.501820916965 |
| CTKUSDT      | 0.001792                  | 93.3          | 0.01147          | 0.01508         | 0.2787            | 0.768                        | 0.009875        | 717.0  | -56012.501791955525 |
| GRTUSDT      | 0.001766                  | 91.92         | 0.01429          | 0.0189          | 0.1918            | 0.7647                       | 0.009968        | 717.0  | -56012.50176557072  |
| UNFIUSDT     | 0.001738                  | 25.08         | 0.01341          | 0.01742         | 0.2914            | 0.7873                       | 0.008374        | 717.0  | -56012.5017377053   |
| OCEANUSDT    | 0.001736                  | 75.67         | 0.01578          | 0.01753         | 0.2221            | 0.799                        | 0.009978        | 717.0  | -56012.50173591336  |
| YFIUSDT      | 0.001704                  | 77.62         | 0.01716          | 0.02037         | 0.2946            | 0.8031                       | 0.009786        | 717.0  | -56012.50170419457  |
| SNXUSDT      | 0.001684                  | 85.78         | 0.01509          | 0.0164          | 0.2328            | 0.829                        | 0.008726        | 717.0  | -56012.50168438617  |
| FLMUSDT      | 0.001663                  | 84.87         | 0.02483          | 0.02243         | 0.1522            | 0.9088                       | 0.009085        | 717.0  | -56012.50166317106  |
| ATOMUSDT     | 0.001652                  | 87.52         | 0.01192          | 0.01523         | 0.11              | 0.8204                       | 0.008638        | 717.0  | -56012.50165168021  |
| LINKUSDT     | 0.001617                  | 50.42         | 0.01338          | 0.01612         | 0.2034            | 0.7922                       | 0.009136        | 717.0  | -56012.5016173843   |
| SOLUSDT      | 0.001611                  | 60.85         | 0.006774         | 0.01118         | 0.2498            | 0.8813                       | 0.003425        | 717.0  | -56012.50161109738  |
| SANDUSDT     | 0.001591                  | 69.85         | 0.0105           | 0.01859         | 0.2553            | 0.793                        | 0.007367        | 717.0  | -56012.501591045264 |
| BLZUSDT      | 0.001549                  | 66.17         | 0.01748          | 0.01868         | 0.1886            | 0.8455                       | 0.00887         | 717.0  | -56012.501548516986 |
| FILUSDT      | 0.001541                  | 54.6          | 0.01093          | 0.01403         | 0.2983            | 0.8762                       | 0.004813        | 717.0  | -56012.50154076773  |
| DENTUSDT     | 0.001491                  | 59.6          | 0.01247          | 0.01758         | 0.2284            | 0.7811                       | 0.009928        | 717.0  | -56012.501490809926 |
| OMGUSDT      | 0.00147                   | 62.02         | 0.01986          | 0.01889         | 0.06967           | 0.866                        | 0.007778        | 717.0  | -56012.50147017243  |
| CELRUSDT     | 0.001448                  | 49.72         | 0.01368          | 0.01506         | 0.1794            | 0.8143                       | 0.009532        | 717.0  | -56012.50144804282  |
| WAVESUSDT    | 0.001384                  | 41.07         | 0.009088         | 0.01423         | 0.296             | 0.7998                       | 0.007771        | 717.0  | -56012.50138400568  |
| SKLUSDT      | 0.001353                  | 66.2          | 0.01883          | 0.01683         | 0.254             | 0.8455                       | 0.008968        | 717.0  | -56012.501352718566 |
| SUSHIUSDT    | 0.001344                  | 35.15         | 0.01159          | 0.01451         | 0.2608            | 0.7991                       | 0.007964        | 717.0  | -56012.50134411082  |
| ANKRUSDT     | 0.001341                  | 67.1          | 0.0138           | 0.01968         | 0.2241            | 0.788                        | 0.009999        | 717.0  | -56012.50134131282  |
| AAVEUSDT     | 0.001327                  | 70.35         | 0.01343          | 0.01537         | 0.2434            | 0.8641                       | 0.008546        | 717.0  | -56012.50132663539  |
| RUNEUSDT     | 0.001308                  | 74.43         | 0.0204           | 0.01973         | 0.1665            | 0.8453                       | 0.007289        | 717.0  | -56012.50130787365  |
| FTMUSDT      | 0.001301                  | 57.5          | 0.01169          | 0.01842         | 0.2961            | 0.7494                       | 0.008182        | 717.0  | -56012.50130131026  |
| RVNUSDT      | 0.0013                    | 66.23         | 0.01495          | 0.01812         | 0.1523            | 0.7819                       | 0.009789        | 717.0  | -56012.50130017057  |
| ENJUSDT      | 0.001263                  | 73.67         | 0.01657          | 0.01841         | 0.1653            | 0.8045                       | 0.009744        | 717.0  | -56012.50126297817  |
| XTZUSDT      | 0.001262                  | 82.27         | 0.01444          | 0.01676         | 0.2419            | 0.7837                       | 0.009962        | 717.0  | -56012.501262384714 |
| KSMUSDT      | 0.001222                  | 80.85         | 0.01521          | 0.01786         | 0.2861            | 0.7683                       | 0.009067        | 717.0  | -56012.50122238077  |
| COMPUSDT     | 0.001178                  | 48.95         | 0.01107          | 0.01673         | 0.2929            | 0.7797                       | 0.009979        | 717.0  | -56012.5011776481   |
| ALPHAUSDT    | 0.001176                  | 66.22         | 0.02043          | 0.01957         | 0.05117           | 0.8206                       | 0.009206        | 717.0  | -56012.50117620718  |
| ONTUSDT      | 0.001099                  | 61.23         | 0.01962          | 0.01768         | 0.05102           | 0.882                        | 0.007271        | 717.0  | -56012.50109889785  |
| DEFIUSDT     | 0.001097                  | 69.7          | 0.01556          | 0.01564         | 0.03747           | 0.9175                       | 0.004072        | 717.0  | -56012.50109686122  |
| KNCUSDT      | 0.001067                  | 89.55         | 0.01596          | 0.01488         | 0.1021            | 0.8337                       | 0.007059        | 717.0  | -56012.501067375706 |
| RENUSDT      | 0.001055                  | 50.45         | 0.01427          | 0.01463         | 0.2199            | 0.8557                       | 0.005524        | 717.0  | -56012.501054740176 |
| DOTUSDT      | 0.001046                  | 92.58         | 0.01142          | 0.01665         | 0.2084            | 0.8069                       | 0.009451        | 717.0  | -56012.501045951445 |
| MANAUSDT     | 0.001045                  | 78.8          | 0.007695         | 0.01799         | 0.1494            | 0.7763                       | 0.009283        | 717.0  | -56012.50104491346  |
| ETCUSDT      | 0.001041                  | 80.48         | 0.01106          | 0.01824         | 0.2512            | 0.797                        | 0.009147        | 717.0  | -56012.501040881354 |
| ONEUSDT      | 0.001039                  | 67.35         | 0.01458          | 0.02191         | 0.2386            | 0.7565                       | 0.009469        | 717.0  | -56012.50103860324  |
| BATUSDT      | 0.001025                  | 74.37         | 0.01609          | 0.02034         | 0.2966            | 0.7977                       | 0.008679        | 717.0  | -56012.50102522719  |
| IOSTUSDT     | 0.001017                  | 70.65         | 0.00748          | 0.01457         | 0.2698            | 0.8126                       | 0.006028        | 717.0  | -56012.501017018236 |
| BANDUSDT     | 0.001005                  | 64.98         | 0.008497         | 0.01318         | 0.2915            | 0.8634                       | 0.004319        | 717.0  | -56012.501004924474 |
| REEFUSDT     | 0.0009973                 | 94.2          | 0.01301          | 0.01692         | 0.2504            | 0.8087                       | 0.007674        | 717.0  | -56012.50099726785  |
| AVAXUSDT     | 0.0009726                 | 77.07         | 0.008632         | 0.01711         | 0.2317            | 0.7745                       | 0.00715         | 717.0  | -56012.50097255157  |
| ICXUSDT      | 0.0009695                 | 74.48         | 0.01158          | 0.01306         | 0.1551            | 0.8796                       | 0.003781        | 717.0  | -56012.50096949343  |
| ZILUSDT      | 0.0009303                 | 49.57         | 0.01262          | 0.01627         | 0.2157            | 0.7952                       | 0.00937         | 717.0  | -56012.50093034189  |
| XLMUSDT      | 0.0008942                 | 75.47         | 0.01277          | 0.01874         | 0.2987            | 0.7642                       | 0.009847        | 717.0  | -56012.500894209064 |
| LRCUSDT      | 0.0008849                 | 84.47         | 0.01251          | 0.01812         | 0.2969            | 0.7778                       | 0.006895        | 717.0  | -56012.500884918816 |
| XRPUSDT      | 0.0008732                 | 69.15         | 0.006554         | 0.01388         | 0.2295            | 0.8146                       | 0.005647        | 717.0  | -56012.50087320544  |
| MTLUSDT      | 0.0008675                 | 80.45         | 0.01518          | 0.02339         | 0.203             | 0.7796                       | 0.009403        | 717.0  | -56012.50086749179  |
| TRBUSDT      | 0.0008591                 | 56.5          | 0.01673          | 0.01837         | 0.2904            | 0.8708                       | 0.005403        | 717.0  | -56012.50085913816  |
| STORJUSDT    | 0.0008305                 | 76.13         | 0.01445          | 0.01669         | 0.1515            | 0.8111                       | 0.006715        | 717.0  | -56012.50083049163  |
| 1INCHUSDT    | 0.0008222                 | 60.23         | 0.01239          | 0.01735         | 0.2951            | 0.7921                       | 0.008856        | 717.0  | -56012.50082216995  |
| ZRXUSDT      | 0.0008084                 | 66.2          | 0.01538          | 0.01572         | 0.28              | 0.8338                       | 0.006857        | 717.0  | -56012.50080844668  |
| RSRUSDT      | 0.0008083                 | 50.9          | 0.01695          | 0.01837         | 0.1456            | 0.7843                       | 0.00798         | 717.0  | -56012.500808342855 |
| ADAUSDT      | 0.000798                  | 56.88         | 0.01085          | 0.02177         | 0.2731            | 0.7724                       | 0.009853        | 717.0  | -56012.50079795311  |
| THETAUSDT    | 0.0007342                 | 70.8          | 0.01528          | 0.0207          | 0.2391            | 0.7621                       | 0.009742        | 717.0  | -56012.500734191985 |
| XEMUSDT      | 0.0007303                 | 53.45         | 0.01477          | 0.01737         | 0.2414            | 0.7943                       | 0.00856         | 717.0  | -56012.500730253974 |
| DASHUSDT     | 0.000719                  | 93.85         | 0.01518          | 0.0169          | 0.1701            | 0.8418                       | 0.005018        | 717.0  | -56012.50071900949  |
| ZENUSDT      | 0.0006552                 | 57.9          | 0.009476         | 0.01265         | 0.2934            | 0.8496                       | 0.005168        | 717.0  | -56012.50065523517  |
| SXPUSDT      | 0.0006502                 | 56.55         | 0.01817          | 0.01818         | 0.1818            | 0.8605                       | 0.005433        | 717.0  | -56012.500650208414 |
| ALICEUSDT    | 0.000625                  | 69.6          | 0.01003          | 0.01112         | 0.1958            | 0.8844                       | 0.003813        | 717.0  | -56012.50062501719  |
| OGNUSDT      | 0.0006136                 | 53.18         | 0.01841          | 0.02068         | 0.2438            | 0.7955                       | 0.009871        | 717.0  | -56012.50061362985  |
| DGBUSDT      | 0.0006077                 | 81.03         | 0.008531         | 0.0228          | 0.2534            | 0.7893                       | 0.007313        | 717.0  | -56012.500607697904 |
| BELUSDT      | 0.0006072                 | 66.22         | 0.01382          | 0.01358         | 0.2953            | 0.8728                       | 0.004145        | 717.0  | -56012.50060721328  |
| QTUMUSDT     | 0.0006071                 | 87.62         | 0.009085         | 0.01122         | 0.1937            | 0.8923                       | 0.003719        | 717.0  | -56012.50060710983  |
| KAVAUSDT     | 0.0006023                 | 73.13         | 0.01403          | 0.01882         | 0.133             | 0.8245                       | 0.006687        | 717.0  | -56012.500602272674 |
| LITUSDT      | 0.0005381                 | 65.05         | 0.01455          | 0.02016         | 0.2891            | 0.7483                       | 0.008229        | 717.0  | -56012.50053806242  |
| ZECUSDT      | 0.0005272                 | 57.17         | 0.008019         | 0.01019         | 0.2991            | 0.8679                       | 0.004081        | 717.0  | -56012.50052724271  |
| EGLDUSDT     | 0.0004977                 | 87.87         | 0.01399          | 0.01763         | 0.2789            | 0.8063                       | 0.009131        | 717.0  | -56012.5004977479   |
| BNBUSDT      | 0.000474                  | 95.35         | 0.007263         | 0.01634         | 0.2779            | 0.7916                       | 0.006864        | 717.0  | -56012.50047403319  |
| NEOUSDT      | 0.0004553                 | 82.57         | 0.01037          | 0.01319         | 0.2689            | 0.865                        | 0.004564        | 717.0  | -56012.50045526831  |
| LTCUSDT      | 0.0004539                 | 88.47         | 0.00747          | 0.007724        | 0.2984            | 0.9156                       | 0.002472        | 717.0  | -56012.50045387783  |
| ETHUSDT      | 0.0004423                 | 6.967         | 0.005651         | 0.006555        | 0.2767            | 0.9206                       | 0.002789        | 717.0  | -56012.500442264165 |
| EOSUSDT      | 0.0004171                 | 74.15         | 0.007855         | 0.009334        | 0.2012            | 0.9062                       | 0.0031          | 717.0  | -56012.50041714001  |
| BALUSDT      | 0.0003545                 | 77.47         | 0.008288         | 0.0107          | 0.2496            | 0.8625                       | 0.004004        | 717.0  | -56012.500354526535 |
| SFPUSDT      | 0.0003478                 | 84.63         | 0.01265          | 0.01525         | 0.2102            | 0.8523                       | 0.004805        | 717.0  | -56012.500347783774 |
| STMXUSDT     | 0.0003454                 | 72.53         | 0.01235          | 0.01323         | 0.2549            | 0.8744                       | 0.00432         | 717.0  | -56012.50034536404  |
| BCHUSDT      | 0.0003288                 | 84.7          | 0.009892         | 0.01567         | 0.2377            | 0.8293                       | 0.00531         | 717.0  | -56012.50032876055  |
| LINAUSDT     | 0.0002792                 | 73.73         | 0.01068          | 0.01147         | 0.224             | 0.9217                       | 0.002377        | 717.0  | -56012.500279238986 |
| BTCUSDT      | 0.0002569                 | 84.03         | 0.005477         | 0.005607        | 0.2242            | 0.9533                       | 0.001706        | 717.0  | -56012.5002568792   |
+--------------+---------------------------+---------------+------------------+-----------------+-------------------+------------------------------+-----------------+--------+---------------------+

+----------------------------------------------------------------------------------------------------------------------------------------------------------------------------------------+
|                                                                                         short                                                                                          |
+--------------+---------------------------+---------------+------------------+-----------------+-------------------+------------------------------+-----------------+--------+----------+
| symbol       | adg_weighted_per_exposure | hrs_stuck_max | pa_distance_mean | pa_distance_std | loss_profit_ratio | eqbal_ratio_mean_of_10_worst | eqbal_ratio_std | n_days | score    |
+--------------+---------------------------+---------------+------------------+-----------------+-------------------+------------------------------+-----------------+--------+----------+
| NKNUSDT      | 0.0                       | nan           | 100.0            | 1.0             | 1.0               | 1.0                          | 0.0             | 717.0  | -18040.0 |
| COMPUSDT     | 0.0                       | nan           | 100.0            | 1.0             | 1.0               | 1.0                          | 0.0             | 717.0  | -18040.0 |
| FILUSDT      | 0.0                       | nan           | 100.0            | 1.0             | 1.0               | 1.0                          | 0.0             | 717.0  | -18040.0 |
| SUSHIUSDT    | 0.0                       | nan           | 100.0            | 1.0             | 1.0               | 1.0                          | 0.0             | 717.0  | -18040.0 |
| TRBUSDT      | 0.0                       | nan           | 100.0            | 1.0             | 1.0               | 1.0                          | 0.0             | 717.0  | -18040.0 |
| RENUSDT      | 0.0                       | nan           | 100.0            | 1.0             | 1.0               | 1.0                          | 0.0             | 717.0  | -18040.0 |
| XRPUSDT      | 0.0                       | nan           | 100.0            | 1.0             | 1.0               | 1.0                          | 0.0             | 717.0  | -18040.0 |
| EOSUSDT      | 0.0                       | nan           | 100.0            | 1.0             | 1.0               | 1.0                          | 0.0             | 717.0  | -18040.0 |
| 1INCHUSDT    | 0.0                       | nan           | 100.0            | 1.0             | 1.0               | 1.0                          | 0.0             | 717.0  | -18040.0 |
| MTLUSDT      | 0.0                       | nan           | 100.0            | 1.0             | 1.0               | 1.0                          | 0.0             | 717.0  | -18040.0 |
| AXSUSDT      | 0.0                       | nan           | 100.0            | 1.0             | 1.0               | 1.0                          | 0.0             | 717.0  | -18040.0 |
| CHRUSDT      | 0.0                       | nan           | 100.0            | 1.0             | 1.0               | 1.0                          | 0.0             | 717.0  | -18040.0 |
| KSMUSDT      | 0.0                       | nan           | 100.0            | 1.0             | 1.0               | 1.0                          | 0.0             | 717.0  | -18040.0 |
| ATOMUSDT     | 0.0                       | nan           | 100.0            | 1.0             | 1.0               | 1.0                          | 0.0             | 717.0  | -18040.0 |
| ZRXUSDT      | 0.0                       | nan           | 100.0            | 1.0             | 1.0               | 1.0                          | 0.0             | 717.0  | -18040.0 |
| TRXUSDT      | 0.0                       | nan           | 100.0            | 1.0             | 1.0               | 1.0                          | 0.0             | 717.0  | -18040.0 |
| BATUSDT      | 0.0                       | nan           | 100.0            | 1.0             | 1.0               | 1.0                          | 0.0             | 717.0  | -18040.0 |
| CELRUSDT     | 0.0                       | nan           | 100.0            | 1.0             | 1.0               | 1.0                          | 0.0             | 717.0  | -18040.0 |
| REEFUSDT     | 0.0                       | nan           | 100.0            | 1.0             | 1.0               | 1.0                          | 0.0             | 717.0  | -18040.0 |
| MATICUSDT    | 0.0                       | nan           | 100.0            | 1.0             | 1.0               | 1.0                          | 0.0             | 717.0  | -18040.0 |
| BALUSDT      | 0.0                       | nan           | 100.0            | 1.0             | 1.0               | 1.0                          | 0.0             | 717.0  | -18040.0 |
| SKLUSDT      | 0.0                       | nan           | 100.0            | 1.0             | 1.0               | 1.0                          | 0.0             | 717.0  | -18040.0 |
| RUNEUSDT     | 0.0                       | nan           | 100.0            | 1.0             | 1.0               | 1.0                          | 0.0             | 717.0  | -18040.0 |
| CTKUSDT      | 0.0                       | nan           | 100.0            | 1.0             | 1.0               | 1.0                          | 0.0             | 717.0  | -18040.0 |
| NEARUSDT     | 0.0                       | nan           | 100.0            | 1.0             | 1.0               | 1.0                          | 0.0             | 717.0  | -18040.0 |
| SXPUSDT      | 0.0                       | nan           | 100.0            | 1.0             | 1.0               | 1.0                          | 0.0             | 717.0  | -18040.0 |
| WAVESUSDT    | 0.0                       | nan           | 100.0            | 1.0             | 1.0               | 1.0                          | 0.0             | 717.0  | -18040.0 |
| OMGUSDT      | 0.0                       | nan           | 100.0            | 1.0             | 1.0               | 1.0                          | 0.0             | 717.0  | -18040.0 |
| HBARUSDT     | 0.0                       | nan           | 100.0            | 1.0             | 1.0               | 1.0                          | 0.0             | 717.0  | -18040.0 |
| 1000SHIBUSDT | 0.0                       | nan           | 100.0            | 1.0             | 1.0               | 1.0                          | 0.0             | 707.26 | -18040.0 |
| FLMUSDT      | 0.0                       | nan           | 100.0            | 1.0             | 1.0               | 1.0                          | 0.0             | 717.0  | -18040.0 |
| ALGOUSDT     | 0.0                       | nan           | 100.0            | 1.0             | 1.0               | 1.0                          | 0.0             | 717.0  | -18040.0 |
| ONTUSDT      | 0.0                       | nan           | 100.0            | 1.0             | 1.0               | 1.0                          | 0.0             | 717.0  | -18040.0 |
| ANKRUSDT     | 0.0                       | nan           | 100.0            | 1.0             | 1.0               | 1.0                          | 0.0             | 717.0  | -18040.0 |
| RSRUSDT      | 0.0                       | nan           | 100.0            | 1.0             | 1.0               | 1.0                          | 0.0             | 717.0  | -18040.0 |
| ZENUSDT      | 0.0                       | nan           | 100.0            | 1.0             | 1.0               | 1.0                          | 0.0             | 717.0  | -18040.0 |
| EGLDUSDT     | 0.0                       | nan           | 100.0            | 1.0             | 1.0               | 1.0                          | 0.0             | 717.0  | -18040.0 |
| ETHUSDT      | 0.0                       | nan           | 100.0            | 1.0             | 1.0               | 1.0                          | 0.0             | 717.0  | -18040.0 |
| SNXUSDT      | 0.0                       | nan           | 100.0            | 1.0             | 1.0               | 1.0                          | 0.0             | 717.0  | -18040.0 |
| MANAUSDT     | 0.0                       | nan           | 100.0            | 1.0             | 1.0               | 1.0                          | 0.0             | 717.0  | -18040.0 |
| XTZUSDT      | 0.0                       | nan           | 100.0            | 1.0             | 1.0               | 1.0                          | 0.0             | 717.0  | -18040.0 |
| BCHUSDT      | 0.0                       | nan           | 100.0            | 1.0             | 1.0               | 1.0                          | 0.0             | 717.0  | -18040.0 |
| GRTUSDT      | 0.0                       | nan           | 100.0            | 1.0             | 1.0               | 1.0                          | 0.0             | 717.0  | -18040.0 |
| IOSTUSDT     | 0.0                       | nan           | 100.0            | 1.0             | 1.0               | 1.0                          | 0.0             | 717.0  | -18040.0 |
| ALPHAUSDT    | 0.0                       | nan           | 100.0            | 1.0             | 1.0               | 1.0                          | 0.0             | 717.0  | -18040.0 |
| DGBUSDT      | 0.0                       | nan           | 100.0            | 1.0             | 1.0               | 1.0                          | 0.0             | 717.0  | -18040.0 |
| AVAXUSDT     | 0.0                       | nan           | 100.0            | 1.0             | 1.0               | 1.0                          | 0.0             | 717.0  | -18040.0 |
| UNIUSDT      | 0.0                       | nan           | 100.0            | 1.0             | 1.0               | 1.0                          | 0.0             | 717.0  | -18040.0 |
| SFPUSDT      | 0.0                       | nan           | 100.0            | 1.0             | 1.0               | 1.0                          | 0.0             | 717.0  | -18040.0 |
| ADAUSDT      | 0.0                       | nan           | 100.0            | 1.0             | 1.0               | 1.0                          | 0.0             | 717.0  | -18040.0 |
| BELUSDT      | 0.0                       | nan           | 100.0            | 1.0             | 1.0               | 1.0                          | 0.0             | 717.0  | -18040.0 |
| QTUMUSDT     | 0.0                       | nan           | 100.0            | 1.0             | 1.0               | 1.0                          | 0.0             | 717.0  | -18040.0 |
| XEMUSDT      | 0.0                       | nan           | 100.0            | 1.0             | 1.0               | 1.0                          | 0.0             | 717.0  | -18040.0 |
| ETCUSDT      | 0.0                       | nan           | 100.0            | 1.0             | 1.0               | 1.0                          | 0.0             | 717.0  | -18040.0 |
| UNFIUSDT     | 0.0                       | nan           | 100.0            | 1.0             | 1.0               | 1.0                          | 0.0             | 717.0  | -18040.0 |
| CHZUSDT      | 0.0                       | nan           | 100.0            | 1.0             | 1.0               | 1.0                          | 0.0             | 717.0  | -18040.0 |
| LINAUSDT     | 0.0                       | nan           | 100.0            | 1.0             | 1.0               | 1.0                          | 0.0             | 717.0  | -18040.0 |
| NEOUSDT      | 0.0                       | nan           | 100.0            | 1.0             | 1.0               | 1.0                          | 0.0             | 717.0  | -18040.0 |
| SOLUSDT      | 0.0                       | nan           | 100.0            | 1.0             | 1.0               | 1.0                          | 0.0             | 717.0  | -18040.0 |
| DENTUSDT     | 0.0                       | nan           | 100.0            | 1.0             | 1.0               | 1.0                          | 0.0             | 717.0  | -18040.0 |
| RVNUSDT      | 0.0                       | nan           | 100.0            | 1.0             | 1.0               | 1.0                          | 0.0             | 717.0  | -18040.0 |
| HOTUSDT      | 0.0                       | nan           | 100.0            | 1.0             | 1.0               | 1.0                          | 0.0             | 717.0  | -18040.0 |
| FTMUSDT      | 0.0                       | nan           | 100.0            | 1.0             | 1.0               | 1.0                          | 0.0             | 717.0  | -18040.0 |
| BNBUSDT      | 0.0                       | nan           | 100.0            | 1.0             | 1.0               | 1.0                          | 0.0             | 717.0  | -18040.0 |
| COTIUSDT     | 0.0                       | nan           | 100.0            | 1.0             | 1.0               | 1.0                          | 0.0             | 717.0  | -18040.0 |
| ICXUSDT      | 0.0                       | nan           | 100.0            | 1.0             | 1.0               | 1.0                          | 0.0             | 717.0  | -18040.0 |
| BTCUSDT      | 0.0                       | nan           | 100.0            | 1.0             | 1.0               | 1.0                          | 0.0             | 717.0  | -18040.0 |
| KNCUSDT      | 0.0                       | nan           | 100.0            | 1.0             | 1.0               | 1.0                          | 0.0             | 717.0  | -18040.0 |
| IOTAUSDT     | 0.0                       | nan           | 100.0            | 1.0             | 1.0               | 1.0                          | 0.0             | 717.0  | -18040.0 |
| TOMOUSDT     | 0.0                       | nan           | 100.0            | 1.0             | 1.0               | 1.0                          | 0.0             | 717.0  | -18040.0 |
| KAVAUSDT     | 0.0                       | nan           | 100.0            | 1.0             | 1.0               | 1.0                          | 0.0             | 717.0  | -18040.0 |
| YFIUSDT      | 0.0                       | nan           | 100.0            | 1.0             | 1.0               | 1.0                          | 0.0             | 717.0  | -18040.0 |
| BANDUSDT     | 0.0                       | nan           | 100.0            | 1.0             | 1.0               | 1.0                          | 0.0             | 717.0  | -18040.0 |
| ZECUSDT      | 0.0                       | nan           | 100.0            | 1.0             | 1.0               | 1.0                          | 0.0             | 717.0  | -18040.0 |
| LTCUSDT      | 0.0                       | nan           | 100.0            | 1.0             | 1.0               | 1.0                          | 0.0             | 717.0  | -18040.0 |
| LINKUSDT     | 0.0                       | nan           | 100.0            | 1.0             | 1.0               | 1.0                          | 0.0             | 717.0  | -18040.0 |
| STMXUSDT     | 0.0                       | nan           | 100.0            | 1.0             | 1.0               | 1.0                          | 0.0             | 717.0  | -18040.0 |
| MKRUSDT      | 0.0                       | nan           | 100.0            | 1.0             | 1.0               | 1.0                          | 0.0             | 717.0  | -18040.0 |
| XLMUSDT      | 0.0                       | nan           | 100.0            | 1.0             | 1.0               | 1.0                          | 0.0             | 717.0  | -18040.0 |
| OCEANUSDT    | 0.0                       | nan           | 100.0            | 1.0             | 1.0               | 1.0                          | 0.0             | 717.0  | -18040.0 |
| DEFIUSDT     | 0.0                       | nan           | 100.0            | 1.0             | 1.0               | 1.0                          | 0.0             | 717.0  | -18040.0 |
| ENJUSDT      | 0.0                       | nan           | 100.0            | 1.0             | 1.0               | 1.0                          | 0.0             | 717.0  | -18040.0 |
| DASHUSDT     | 0.0                       | nan           | 100.0            | 1.0             | 1.0               | 1.0                          | 0.0             | 717.0  | -18040.0 |
| OGNUSDT      | 0.0                       | nan           | 100.0            | 1.0             | 1.0               | 1.0                          | 0.0             | 717.0  | -18040.0 |
| STORJUSDT    | 0.0                       | nan           | 100.0            | 1.0             | 1.0               | 1.0                          | 0.0             | 717.0  | -18040.0 |
| THETAUSDT    | 0.0                       | nan           | 100.0            | 1.0             | 1.0               | 1.0                          | 0.0             | 717.0  | -18040.0 |
| DOTUSDT      | 0.0                       | nan           | 100.0            | 1.0             | 1.0               | 1.0                          | 0.0             | 717.0  | -18040.0 |
| ALICEUSDT    | 0.0                       | nan           | 100.0            | 1.0             | 1.0               | 1.0                          | 0.0             | 717.0  | -18040.0 |
| DOGEUSDT     | 0.0                       | nan           | 100.0            | 1.0             | 1.0               | 1.0                          | 0.0             | 717.0  | -18040.0 |
| ONEUSDT      | 0.0                       | nan           | 100.0            | 1.0             | 1.0               | 1.0                          | 0.0             | 717.0  | -18040.0 |
| LRCUSDT      | 0.0                       | nan           | 100.0            | 1.0             | 1.0               | 1.0                          | 0.0             | 717.0  | -18040.0 |
| CRVUSDT      | 0.0                       | nan           | 100.0            | 1.0             | 1.0               | 1.0                          | 0.0             | 717.0  | -18040.0 |
| LITUSDT      | 0.0                       | nan           | 100.0            | 1.0             | 1.0               | 1.0                          | 0.0             | 717.0  | -18040.0 |
| BLZUSDT      | 0.0                       | nan           | 100.0            | 1.0             | 1.0               | 1.0                          | 0.0             | 717.0  | -18040.0 |
| AAVEUSDT     | 0.0                       | nan           | 100.0            | 1.0             | 1.0               | 1.0                          | 0.0             | 717.0  | -18040.0 |
| VETUSDT      | 0.0                       | nan           | 100.0            | 1.0             | 1.0               | 1.0                          | 0.0             | 717.0  | -18040.0 |
| SANDUSDT     | 0.0                       | nan           | 100.0            | 1.0             | 1.0               | 1.0                          | 0.0             | 717.0  | -18040.0 |
| ZILUSDT      | 0.0                       | nan           | 100.0            | 1.0             | 1.0               | 1.0                          | 0.0             | 717.0  | -18040.0 |
| RLCUSDT      | 0.0                       | nan           | 100.0            | 1.0             | 1.0               | 1.0                          | 0.0             | 717.0  | -18040.0 |
| XMRUSDT      | 0.0                       | nan           | 100.0            | 1.0             | 1.0               | 1.0                          | 0.0             | 717.0  | -18040.0 |
+--------------+---------------------------+---------------+------------------+-----------------+-------------------+------------------------------+-----------------+--------+----------+

