+------------------------------------------------------------------------------------------------------------------------------------------------------------------------------------------------+
|                                                                                              long                                                                                              |
+-----------+---------------------------+---------------+------------------+-----------------+-------------------+------------------------------+-----------------+--------+---------------------+
| symbol    | adg_weighted_per_exposure | hrs_stuck_max | pa_distance_mean | pa_distance_std | loss_profit_ratio | eqbal_ratio_mean_of_10_worst | eqbal_ratio_std | n_days | score               |
+-----------+---------------------------+---------------+------------------+-----------------+-------------------+------------------------------+-----------------+--------+---------------------+
| FETUSDT   | 0.008762                  | 42.74         | 0.01284          | 0.01214         | 0.1751            | 0.95                         | 0.009245        | 73.88  | -56012.50876223516  |
| OPUSDT    | 0.005359                  | 85.58         | 0.01314          | 0.01433         | 0.1964            | 0.9081                       | 0.009996        | 303.38 | -56012.50535897892  |
| ARUSDT    | 0.00252                   | 73.4          | 0.01366          | 0.0148          | 0.2343            | 0.9137                       | 0.009538        | 549.83 | -56012.50251978586  |
| MATICUSDT | 0.002163                  | 94.46         | 0.00863          | 0.01367         | 0.2047            | 0.8991                       | 0.009443        | 699.96 | -56012.502163010635 |
| APEUSDT   | 0.002056                  | 91.3          | 0.01284          | 0.01349         | 0.2836            | 0.9132                       | 0.008294        | 379.33 | -56012.502055589255 |
| APTUSDT   | 0.002014                  | 68.32         | 0.01804          | 0.01485         | 0.1509            | 0.9329                       | 0.007168        | 163.88 | -56012.502014095604 |
| HBARUSDT  | 0.001808                  | 89.49         | 0.01011          | 0.0114          | 0.2113            | 0.8996                       | 0.009543        | 699.96 | -56012.50180813861  |
+-----------+---------------------------+---------------+------------------+-----------------+-------------------+------------------------------+-----------------+--------+---------------------+

+-------------------------------------------------------------------------------------------------------------------------------------------------------------------------------------+
|                                                                                        short                                                                                        |
+-----------+---------------------------+---------------+------------------+-----------------+-------------------+------------------------------+-----------------+--------+----------+
| symbol    | adg_weighted_per_exposure | hrs_stuck_max | pa_distance_mean | pa_distance_std | loss_profit_ratio | eqbal_ratio_mean_of_10_worst | eqbal_ratio_std | n_days | score    |
+-----------+---------------------------+---------------+------------------+-----------------+-------------------+------------------------------+-----------------+--------+----------+
| MATICUSDT | 0.0                       | nan           | 100.0            | 1.0             | 1.0               | nan                          | 0.0             | 699.96 | -18040.0 |
| HBARUSDT  | 0.0                       | nan           | 100.0            | 1.0             | 1.0               | nan                          | 0.0             | 699.96 | -18040.0 |
| APEUSDT   | 0.0                       | nan           | 100.0            | 1.0             | 1.0               | nan                          | 0.0             | 379.33 | -18040.0 |
| APTUSDT   | 0.0                       | nan           | 100.0            | 1.0             | 1.0               | nan                          | 0.0             | 163.88 | -18040.0 |
| FETUSDT   | 0.0                       | nan           | 100.0            | 1.0             | 1.0               | nan                          | 0.0             | 73.88  | -18040.0 |
| ARUSDT    | 0.0                       | nan           | 100.0            | 1.0             | 1.0               | nan                          | 0.0             | 549.83 | -18040.0 |
| OPUSDT    | 0.0                       | nan           | 100.0            | 1.0             | 1.0               | nan                          | 0.0             | 303.38 | -18040.0 |
+-----------+---------------------------+---------------+------------------+-----------------+-------------------+------------------------------+-----------------+--------+----------+

