+--------------------------------------------------------------------------------------------------------------------------------------------------------------------------+
|                                                                                   long                                                                                   |
+-----------+---------------+-------------+---------------+--------------+-------------+----------------+------------------------+--------------+---------+----------------+
| symbol    | adg_w_per_exp | adg_per_exp | hrs_stuck_max | pa_dist_mean | pa_dist_std | loss_profit_rt | eqbal_rt_10_worst_mean | eqbal_rt_std | n_days  | score          |
+-----------+---------------+-------------+---------------+--------------+-------------+----------------+------------------------+--------------+---------+----------------+
| FETUSDT   | 0.007687      | 0.007015    | 71.38         | 0.01255      | 0.01045     | 0.0134         | 0.9715                 | 0.003686     | 121.88  | -42518.0076865 |
| OPUSDT    | 0.004432      | 0.005221    | 81.23         | 0.01461      | 0.0184      | 0.1191         | 0.9173                 | 0.007453     | 351.38  | -42518.004432  |
| GALAUSDT  | 0.003174      | 0.0037      | 54.45         | 0.01239      | 0.01985     | 0.0774         | 0.9145                 | 0.007505     | 607.83  | -42518.0031739 |
| DOGEUSDT  | 0.002927      | 0.005337    | 83.82         | 0.008352     | 0.0152      | 0.1476         | 0.885                  | 0.006914     | 1042.58 | -42518.0029273 |
| APTUSDT   | 0.002577      | 0.003557    | 60.25         | 0.01066      | 0.00793     | 0.007432       | 0.9711                 | 0.002536     | 211.88  | -42518.002577  |
| MATICUSDT | 0.002398      | 0.005399    | 79.92         | 0.01106      | 0.01954     | 0.06883        | 0.9078                 | 0.007433     | 938.67  | -42518.0023982 |
| MANAUSDT  | 0.002343      | 0.003822    | 45.88         | 0.008768     | 0.01641     | 0.1432         | 0.8925                 | 0.005382     | 794.67  | -42518.0023427 |
| ARUSDT    | 0.001851      | 0.002929    | 89.75         | 0.01428      | 0.01676     | 0.1007         | 0.9168                 | 0.005973     | 597.83  | -42518.0018512 |
| APEUSDT   | 0.00164       | 0.002925    | 90.55         | 0.01086      | 0.01769     | 0.08417        | 0.9115                 | 0.006692     | 427.33  | -42518.0016395 |
| ZILUSDT   | 0.001633      | 0.002682    | 50.38         | 0.009078     | 0.01476     | 0.06822        | 0.8881                 | 0.004543     | 1064.58 | -42518.0016334 |
| UNIUSDT   | 0.001174      | 0.002223    | 80.62         | 0.01268      | 0.01868     | 0.07904        | 0.8658                 | 0.00531      | 972.67  | -42518.0011743 |
| FTMUSDT   | 0.001049      | 0.002107    | 92.6          | 0.01517      | 0.01784     | 0.06132        | 0.9014                 | 0.005102     | 966.67  | -42518.0010491 |
+-----------+---------------+-------------+---------------+--------------+-------------+----------------+------------------------+--------------+---------+----------------+

+--------------------------------------------------------------------------------------------------------------------------------------------------------------------------+
|                                                                                  short                                                                                   |
+-----------+---------------+-------------+---------------+--------------+-------------+----------------+------------------------+--------------+---------+----------------+
| symbol    | adg_w_per_exp | adg_per_exp | hrs_stuck_max | pa_dist_mean | pa_dist_std | loss_profit_rt | eqbal_rt_10_worst_mean | eqbal_rt_std | n_days  | score          |
+-----------+---------------+-------------+---------------+--------------+-------------+----------------+------------------------+--------------+---------+----------------+
| FETUSDT   | 0.004813      | 0.007001    | 35.5          | 0.01443      | 0.01902     | 0.1186         | 0.9747                 | 0.002852     | 121.88  | -22518.0048128 |
| APEUSDT   | 0.002087      | 0.004232    | 48.0          | 0.01018      | 0.01412     | 0.12           | 0.9668                 | 0.002337     | 427.33  | -22518.0020868 |
| ZILUSDT   | 0.001583      | 0.001922    | 56.03         | 0.01142      | 0.01766     | 0.1278         | 0.9698                 | 0.002614     | 1064.58 | -22518.0015827 |
| FTMUSDT   | 0.001229      | 0.001996    | 79.88         | 0.01317      | 0.0161      | 0.1438         | 0.961                  | 0.001752     | 966.67  | -22518.0012294 |
| OPUSDT    | 0.00118       | 0.002195    | 67.77         | 0.01629      | 0.01122     | 0.07876        | 0.987                  | 0.0005824    | 351.38  | -22518.0011801 |
| UNIUSDT   | 0.001176      | 0.002029    | 93.32         | 0.01608      | 0.01857     | 0.1386         | 0.9468                 | 0.002602     | 972.67  | -22518.0011764 |
| DOGEUSDT  | 0.0006141     | 0.001515    | 85.35         | 0.009723     | 0.007993    | 0.001051       | 0.9863                 | 0.0003556    | 1042.58 | -22518.0006141 |
| MANAUSDT  | 0.0005563     | 0.001035    | 82.58         | 0.01223      | 0.009131    | 0.1169         | 0.9947                 | 0.0002827    | 794.67  | -22518.0005563 |
| MATICUSDT | 0.0005452     | 0.001151    | 80.22         | 0.0149       | 0.01303     | 0.08279        | 0.9625                 | 0.001429     | 938.67  | -22518.0005452 |
| ARUSDT    | 0.0005033     | 0.001009    | 87.05         | 0.01965      | 0.01878     | 0.01465        | 0.9856                 | 0.0008167    | 597.83  | -22518.0005033 |
| GALAUSDT  | 0.002521      | 0.002039    | 82.47         | 0.01292      | 0.02348     | 0.9183         | 0.8848                 | 0.004988     | 607.83  | -14831.4205858 |
| APTUSDT   | 0.005484      | 0.001363    | 66.12         | 0.01688      | 0.01426     | 0.9315         | 0.9795                 | 0.00149      | 211.88  | -14703.1345788 |
+-----------+---------------+-------------+---------------+--------------+-------------+----------------+------------------------+--------------+---------+----------------+

