+---------------------------------------------------------------------------------------------------------------------------------------------------------------------------------------------------+
|                                                                                                long                                                                                               |
+--------------+---------------------------+---------------+------------------+-----------------+-------------------+------------------------------+-----------------+--------+---------------------+
| symbol       | adg_weighted_per_exposure | hrs_stuck_max | pa_distance_mean | pa_distance_std | loss_profit_ratio | eqbal_ratio_mean_of_10_worst | eqbal_ratio_std | n_days | score               |
+--------------+---------------------------+---------------+------------------+-----------------+-------------------+------------------------------+-----------------+--------+---------------------+
| SOLUSDT      | 0.003522                  | 51.53         | 0.009954         | 0.01279         | 0.2992            | 0.8347                       | 0.008406        | 713.96 | -56012.50352202107  |
| 1000SHIBUSDT | 0.003227                  | 93.47         | 0.008306         | 0.0139          | 0.295             | 0.8099                       | 0.009938        | 704.25 | -56012.50322725794  |
| HNTUSDT      | 0.003012                  | 64.87         | 0.0118           | 0.0139          | 0.1257            | 0.8241                       | 0.008773        | 713.96 | -56012.50301227145  |
| BANDUSDT     | 0.002826                  | 74.4          | 0.01318          | 0.01232         | 0.1711            | 0.8039                       | 0.007619        | 713.96 | -56012.502826166354 |
| MATICUSDT    | 0.002689                  | 84.1          | 0.009057         | 0.01211         | 0.2099            | 0.8774                       | 0.009907        | 713.96 | -56012.50268935674  |
| OCEANUSDT    | 0.002311                  | 53.78         | 0.01029          | 0.01488         | 0.2243            | 0.8136                       | 0.009124        | 713.96 | -56012.50231116844  |
| SKLUSDT      | 0.002278                  | 69.7          | 0.01194          | 0.01184         | 0.1138            | 0.853                        | 0.0075          | 713.96 | -56012.50227828244  |
| DOGEUSDT     | 0.002266                  | 55.62         | 0.007328         | 0.01637         | 0.2931            | 0.776                        | 0.009483        | 713.96 | -56012.50226612692  |
| RLCUSDT      | 0.002231                  | 61.62         | 0.01339          | 0.01546         | 0.05788           | 0.84                         | 0.009537        | 713.96 | -56012.502231100705 |
| SANDUSDT     | 0.002227                  | 57.88         | 0.008992         | 0.02203         | 0.1408            | 0.7687                       | 0.009615        | 713.96 | -56012.50222704718  |
| ANKRUSDT     | 0.002166                  | 77.4          | 0.009826         | 0.01303         | 0.2947            | 0.8569                       | 0.009559        | 713.96 | -56012.50216553449  |
| MANAUSDT     | 0.002123                  | 38.33         | 0.006998         | 0.01651         | 0.2247            | 0.8153                       | 0.009468        | 713.96 | -56012.5021230993   |
| HBARUSDT     | 0.002072                  | 56.55         | 0.009769         | 0.01596         | 0.2313            | 0.7946                       | 0.009976        | 713.96 | -56012.502071783296 |
| YFIUSDT      | 0.002057                  | 53.37         | 0.007387         | 0.01201         | 0.2743            | 0.8558                       | 0.006153        | 713.96 | -56012.50205725324  |
| SUSHIUSDT    | 0.001988                  | 57.42         | 0.01089          | 0.01528         | 0.2906            | 0.7743                       | 0.009979        | 713.96 | -56012.501988330274 |
| ETCUSDT      | 0.001981                  | 47.08         | 0.006707         | 0.01617         | 0.2118            | 0.8093                       | 0.008454        | 713.96 | -56012.501981404464 |
| AVAXUSDT     | 0.001951                  | 91.65         | 0.008407         | 0.02056         | 0.2058            | 0.7593                       | 0.008952        | 713.96 | -56012.50195068613  |
| CHZUSDT      | 0.001909                  | 55.5          | 0.008864         | 0.01809         | 0.2561            | 0.7661                       | 0.009986        | 713.96 | -56012.50190897976  |
| GRTUSDT      | 0.001886                  | 76.48         | 0.01646          | 0.01481         | 0.2972            | 0.8028                       | 0.009113        | 713.96 | -56012.50188596055  |
| COTIUSDT     | 0.001875                  | 72.75         | 0.01195          | 0.01684         | 0.1903            | 0.7643                       | 0.009869        | 713.96 | -56012.50187475224  |
| HOTUSDT      | 0.001852                  | 83.33         | 0.009084         | 0.01508         | 0.2571            | 0.7864                       | 0.009832        | 713.96 | -56012.501852086454 |
| MKRUSDT      | 0.00184                   | 71.92         | 0.01045          | 0.01167         | 0.2777            | 0.8342                       | 0.008232        | 713.96 | -56012.50183988584  |
| XRPUSDT      | 0.001831                  | 54.77         | 0.008396         | 0.01136         | 0.04131           | 0.796                        | 0.009726        | 713.96 | -56012.50183138487  |
| NKNUSDT      | 0.001831                  | 92.82         | 0.01668          | 0.01611         | 0.2231            | 0.8501                       | 0.009758        | 713.96 | -56012.50183051621  |
| RVNUSDT      | 0.001826                  | 73.4          | 0.01094          | 0.01488         | 0.1419            | 0.7974                       | 0.009994        | 713.96 | -56012.50182605215  |
| IOSTUSDT     | 0.001711                  | 56.27         | 0.008981         | 0.01952         | 0.02504           | 0.8053                       | 0.009241        | 713.96 | -56012.50171094986  |
| UNFIUSDT     | 0.00168                   | 83.45         | 0.01604          | 0.01532         | 0.1819            | 0.882                        | 0.00804         | 713.96 | -56012.501680046014 |
| STORJUSDT    | 0.001676                  | 86.18         | 0.01436          | 0.0142          | 0.2381            | 0.771                        | 0.009179        | 713.96 | -56012.501676051834 |
| ATOMUSDT     | 0.001658                  | 79.43         | 0.008179         | 0.0128          | 0.2408            | 0.836                        | 0.008876        | 713.96 | -56012.50165816587  |
| LRCUSDT      | 0.001639                  | 87.6          | 0.01079          | 0.01194         | 0.2432            | 0.8124                       | 0.009434        | 713.96 | -56012.501639260925 |
| REEFUSDT     | 0.001633                  | 75.32         | 0.01614          | 0.01259         | 0.04598           | 0.8686                       | 0.006877        | 713.96 | -56012.50163308607  |
| ALGOUSDT     | 0.001605                  | 66.92         | 0.0114           | 0.01295         | 0.1343            | 0.7888                       | 0.008514        | 713.96 | -56012.50160543238  |
| SNXUSDT      | 0.001524                  | 50.05         | 0.01445          | 0.01307         | 0.2953            | 0.8418                       | 0.00981         | 713.96 | -56012.50152447609  |
| ALICEUSDT    | 0.001518                  | 57.82         | 0.007977         | 0.01514         | 0.1016            | 0.8262                       | 0.007936        | 713.96 | -56012.501517775876 |
| ALPHAUSDT    | 0.001513                  | 66.48         | 0.01208          | 0.01754         | 0.2977            | 0.855                        | 0.009523        | 713.96 | -56012.501512624935 |
| ONEUSDT      | 0.001485                  | 66.2          | 0.0109           | 0.01943         | 0.1389            | 0.7783                       | 0.009802        | 713.96 | -56012.50148479438  |
| VETUSDT      | 0.001458                  | 57.82         | 0.00903          | 0.01208         | 0.2437            | 0.8314                       | 0.007744        | 713.96 | -56012.501457640785 |
| RSRUSDT      | 0.001437                  | 82.98         | 0.01448          | 0.01559         | 0.1684            | 0.8353                       | 0.00793         | 713.96 | -56012.501437047526 |
| AXSUSDT      | 0.001436                  | 61.97         | 0.01504          | 0.01652         | 0.2942            | 0.9068                       | 0.005265        | 713.96 | -56012.50143614948  |
| CTKUSDT      | 0.001426                  | 80.23         | 0.01123          | 0.01012         | 0.2931            | 0.8891                       | 0.006383        | 713.96 | -56012.50142551762  |
| CELRUSDT     | 0.001398                  | 91.92         | 0.0156           | 0.01583         | 0.09891           | 0.7817                       | 0.009966        | 713.96 | -56012.50139762281  |
| DOTUSDT      | 0.001386                  | 75.47         | 0.009317         | 0.0138          | 0.1532            | 0.7924                       | 0.008635        | 713.96 | -56012.50138600872  |
| RENUSDT      | 0.001373                  | 72.8          | 0.01657          | 0.01947         | 0.149             | 0.7703                       | 0.009755        | 713.96 | -56012.50137280747  |
| OMGUSDT      | 0.001351                  | 82.92         | 0.01462          | 0.01759         | 0.2055            | 0.7831                       | 0.009992        | 713.96 | -56012.50135136908  |
| EOSUSDT      | 0.001336                  | 89.82         | 0.01356          | 0.01538         | 0.2754            | 0.8549                       | 0.009845        | 713.96 | -56012.501336249115 |
| ZILUSDT      | 0.001313                  | 77.2          | 0.009054         | 0.01398         | 0.1032            | 0.8099                       | 0.009047        | 713.96 | -56012.50131325085  |
| ADAUSDT      | 0.001298                  | 67.93         | 0.007646         | 0.01745         | 0.2585            | 0.7949                       | 0.009533        | 713.96 | -56012.50129752209  |
| WAVESUSDT    | 0.001294                  | 77.05         | 0.01509          | 0.016           | 0.2671            | 0.8328                       | 0.00949         | 713.96 | -56012.50129408328  |
| TOMOUSDT     | 0.001285                  | 81.35         | 0.01189          | 0.009964        | 0.2753            | 0.9507                       | 0.002075        | 702.96 | -56012.50128511069  |
| ZRXUSDT      | 0.001229                  | 84.35         | 0.007555         | 0.01175         | 0.2627            | 0.8832                       | 0.005313        | 713.96 | -56012.50122917211  |
| BATUSDT      | 0.001227                  | 78.9          | 0.01309          | 0.01321         | 0.1491            | 0.8431                       | 0.009354        | 713.96 | -56012.50122713261  |
| BLZUSDT      | 0.001225                  | 85.1          | 0.014            | 0.01711         | 0.2489            | 0.7825                       | 0.009101        | 713.96 | -56012.501225278844 |
| SXPUSDT      | 0.001219                  | 76.45         | 0.01308          | 0.0154          | 0.2616            | 0.8432                       | 0.008679        | 713.96 | -56012.50121945118  |
| THETAUSDT    | 0.001218                  | 75.1          | 0.01197          | 0.01107         | 0.1615            | 0.8603                       | 0.008164        | 713.96 | -56012.501218339254 |
| DGBUSDT      | 0.001215                  | 92.63         | 0.01474          | 0.01914         | 0.2706            | 0.7735                       | 0.009944        | 713.96 | -56012.501215185956 |
| BALUSDT      | 0.001209                  | 69.23         | 0.01054          | 0.01552         | 0.2574            | 0.8269                       | 0.008838        | 713.96 | -56012.50120925902  |
| OGNUSDT      | 0.001209                  | 53.52         | 0.00891          | 0.01667         | 0.1771            | 0.7639                       | 0.009614        | 713.96 | -56012.50120915832  |
| NEARUSDT     | 0.001178                  | 81.6          | 0.01405          | 0.01244         | 0.1843            | 0.8502                       | 0.005029        | 713.96 | -56012.50117763426  |
| DEFIUSDT     | 0.001172                  | 79.4          | 0.01222          | 0.012           | 0.06432           | 0.8419                       | 0.007927        | 713.96 | -56012.501172211516 |
| FTMUSDT      | 0.001161                  | 90.6          | 0.01342          | 0.01537         | 0.1663            | 0.7609                       | 0.008011        | 713.96 | -56012.501160961256 |
| MTLUSDT      | 0.001154                  | 82.37         | 0.01527          | 0.01863         | 0.09924           | 0.8255                       | 0.0098          | 713.96 | -56012.50115367105  |
| ZENUSDT      | 0.001145                  | 90.48         | 0.01815          | 0.01587         | 0.2993            | 0.8184                       | 0.009715        | 713.96 | -56012.501144515016 |
| UNIUSDT      | 0.001127                  | 64.92         | 0.01302          | 0.01676         | 0.2595            | 0.7512                       | 0.00995         | 713.96 | -56012.50112721503  |
| QTUMUSDT     | 0.001126                  | 90.08         | 0.01021          | 0.009462        | 0.1703            | 0.8944                       | 0.004376        | 713.96 | -56012.50112595569  |
| ENJUSDT      | 0.001116                  | 93.37         | 0.01415          | 0.01801         | 0.2879            | 0.7587                       | 0.009537        | 713.96 | -56012.50111643766  |
| DENTUSDT     | 0.001113                  | 90.75         | 0.01333          | 0.01121         | 0.1881            | 0.9119                       | 0.003642        | 713.96 | -56012.50111257908  |
| 1INCHUSDT    | 0.001101                  | 60.65         | 0.0112           | 0.02016         | 0.1198            | 0.7635                       | 0.009518        | 713.96 | -56012.50110085946  |
| EGLDUSDT     | 0.001095                  | 93.3          | 0.01072          | 0.0156          | 0.09837           | 0.8232                       | 0.009881        | 713.96 | -56012.50109501385  |
| LTCUSDT      | 0.001088                  | 83.1          | 0.008492         | 0.01893         | 0.2062            | 0.7489                       | 0.009681        | 713.96 | -56012.50108781092  |
| LINKUSDT     | 0.001087                  | 78.25         | 0.01133          | 0.01806         | 0.1217            | 0.7561                       | 0.009666        | 713.96 | -56012.501087265904 |
| NEOUSDT      | 0.001083                  | 76.75         | 0.01216          | 0.01304         | 0.2696            | 0.8391                       | 0.006585        | 713.96 | -56012.50108251748  |
| BELUSDT      | 0.001078                  | 84.3          | 0.01321          | 0.01997         | 0.2458            | 0.7389                       | 0.009592        | 713.96 | -56012.50107849052  |
| AAVEUSDT     | 0.001066                  | 79.73         | 0.01558          | 0.01694         | 0.2753            | 0.8126                       | 0.009262        | 713.96 | -56012.50106595445  |
| ICXUSDT      | 0.001033                  | 88.95         | 0.01236          | 0.01473         | 0.1959            | 0.829                        | 0.009932        | 713.96 | -56012.50103260481  |
| CHRUSDT      | 0.001031                  | 76.63         | 0.01353          | 0.01384         | 0.1952            | 0.8214                       | 0.009352        | 713.96 | -56012.501031076    |
| ONTUSDT      | 0.001018                  | 88.95         | 0.01508          | 0.0176          | 0.04932           | 0.8259                       | 0.009184        | 713.96 | -56012.501017916205 |
| XLMUSDT      | 0.001015                  | 78.55         | 0.008933         | 0.01316         | 0.2513            | 0.791                        | 0.009615        | 713.96 | -56012.50101518902  |
| XMRUSDT      | 0.0009722                 | 53.8          | 0.006854         | 0.01242         | 0.259             | 0.8514                       | 0.008429        | 713.96 | -56012.5009721832   |
| COMPUSDT     | 0.0009711                 | 90.55         | 0.01252          | 0.01409         | 0.2177            | 0.8326                       | 0.008962        | 713.96 | -56012.50097111931  |
| ETHUSDT      | 0.0009648                 | 79.13         | 0.004092         | 0.004191        | 0.2632            | 0.9419                       | 0.00183         | 713.96 | -56012.500964755076 |
| SFPUSDT      | 0.0009614                 | 86.2          | 0.01392          | 0.01449         | 0.1054            | 0.8378                       | 0.005859        | 713.96 | -56012.50096142618  |
| ZECUSDT      | 0.000955                  | 95.52         | 0.01563          | 0.0149          | 0.1077            | 0.8298                       | 0.008467        | 713.96 | -56012.500955040756 |
| DASHUSDT     | 0.000933                  | 90.98         | 0.0144           | 0.0137          | 0.215             | 0.8441                       | 0.006483        | 713.96 | -56012.50093301658  |
| LITUSDT      | 0.0009278                 | 87.45         | 0.0156           | 0.01363         | 0.1268            | 0.8682                       | 0.005415        | 713.96 | -56012.50092776396  |
| CRVUSDT      | 0.0009138                 | 65.63         | 0.01117          | 0.01694         | 0.1485            | 0.8066                       | 0.00916         | 713.96 | -56012.50091376947  |
| KSMUSDT      | 0.0008979                 | 70.4          | 0.01516          | 0.01333         | 0.2468            | 0.8353                       | 0.006605        | 713.96 | -56012.50089787651  |
| FILUSDT      | 0.0008582                 | 83.13         | 0.02154          | 0.02124         | 0.2021            | 0.8827                       | 0.007423        | 713.96 | -56012.50085818689  |
| BCHUSDT      | 0.0008259                 | 95.63         | 0.01253          | 0.009522        | 0.2251            | 0.9493                       | 0.002701        | 713.96 | -56012.50082590009  |
| XTZUSDT      | 0.0008231                 | 85.23         | 0.01111          | 0.01565         | 0.1677            | 0.8231                       | 0.009922        | 713.96 | -56012.500823090915 |
| RUNEUSDT     | 0.0008163                 | 80.93         | 0.01537          | 0.01602         | 0.07235           | 0.8175                       | 0.009329        | 713.96 | -56012.50081633215  |
| BNBUSDT      | 0.0008002                 | 62.45         | 0.004344         | 0.005073        | 0.2972            | 0.8995                       | 0.003104        | 713.96 | -56012.50080023668  |
| LINAUSDT     | 0.000793                  | 89.62         | 0.01927          | 0.01708         | 0.2906            | 0.8531                       | 0.008386        | 713.96 | -56012.500792976396 |
| STMXUSDT     | 0.0007055                 | 93.57         | 0.01532          | 0.0172          | 0.2172            | 0.8146                       | 0.009779        | 713.96 | -56012.50070550584  |
| XEMUSDT      | 0.0006957                 | 72.8          | 0.009637         | 0.01254         | 0.2159            | 0.8227                       | 0.006449        | 713.96 | -56012.500695716764 |
| IOTAUSDT     | 0.0006586                 | 95.87         | 0.01169          | 0.009961        | 0.1979            | 0.9187                       | 0.004497        | 713.96 | -56012.50065856152  |
| KAVAUSDT     | 0.0006361                 | 88.68         | 0.01432          | 0.01499         | 0.2466            | 0.8671                       | 0.006326        | 713.96 | -56012.50063605218  |
| KNCUSDT      | 0.0006175                 | 81.65         | 0.01574          | 0.01306         | 0.008408          | 0.9041                       | 0.003397        | 713.96 | -56012.50061746608  |
| BTCUSDT      | 0.0006167                 | 93.28         | 0.01043          | 0.0117          | 0.2987            | 0.8697                       | 0.009465        | 713.96 | -56012.50061674975  |
| TRBUSDT      | 0.0005083                 | 89.17         | 0.01848          | 0.01662         | 0.2534            | 0.8525                       | 0.005877        | 713.96 | -56012.50050828862  |
| CVCUSDT      | 0.0004436                 | 94.12         | 0.01125          | 0.01701         | 0.06454           | 0.7389                       | 0.009805        | 713.96 | -56012.50044364986  |
| SRMUSDT      | 0.0004232                 | 78.78         | 0.01438          | 0.01517         | 0.178             | 0.7566                       | 0.00689         | 713.96 | -56012.50042322751  |
| TRXUSDT      | 0.0004173                 | 66.37         | 0.006883         | 0.006879        | 0.04768           | 0.9184                       | 0.003888        | 713.96 | -56012.500417317526 |
| FLMUSDT      | 0.0003768                 | 84.27         | 0.01899          | 0.01654         | 0.2226            | 0.8978                       | 0.004441        | 713.96 | -56012.5003768249   |
| SCUSDT       | 0.0002633                 | 81.72         | 0.01306          | 0.01797         | 0.02959           | 0.8024                       | 0.008192        | 713.96 | -56012.50026332654  |
| BTSUSDT      | 0.0001077                 | 86.37         | 0.01701          | 0.0138          | 0.13              | 0.917                        | 0.003625        | 713.96 | -56012.500107686836 |
| BTCSTUSDT    | 0.0                       | nan           | 100.0            | 1.0             | 1.0               | 1.0                          | 0.0             | 713.96 | -38040.0            |
+--------------+---------------------------+---------------+------------------+-----------------+-------------------+------------------------------+-----------------+--------+---------------------+

+----------------------------------------------------------------------------------------------------------------------------------------------------------------------------------------+
|                                                                                         short                                                                                          |
+--------------+---------------------------+---------------+------------------+-----------------+-------------------+------------------------------+-----------------+--------+----------+
| symbol       | adg_weighted_per_exposure | hrs_stuck_max | pa_distance_mean | pa_distance_std | loss_profit_ratio | eqbal_ratio_mean_of_10_worst | eqbal_ratio_std | n_days | score    |
+--------------+---------------------------+---------------+------------------+-----------------+-------------------+------------------------------+-----------------+--------+----------+
| NKNUSDT      | 0.0                       | nan           | 100.0            | 1.0             | 1.0               | 1.0                          | 0.0             | 713.96 | -18040.0 |
| CVCUSDT      | 0.0                       | nan           | 100.0            | 1.0             | 1.0               | 1.0                          | 0.0             | 713.96 | -18040.0 |
| COMPUSDT     | 0.0                       | nan           | 100.0            | 1.0             | 1.0               | 1.0                          | 0.0             | 713.96 | -18040.0 |
| FILUSDT      | 0.0                       | nan           | 100.0            | 1.0             | 1.0               | 1.0                          | 0.0             | 713.96 | -18040.0 |
| SUSHIUSDT    | 0.0                       | nan           | 100.0            | 1.0             | 1.0               | 1.0                          | 0.0             | 713.96 | -18040.0 |
| TRBUSDT      | 0.0                       | nan           | 100.0            | 1.0             | 1.0               | 1.0                          | 0.0             | 713.96 | -18040.0 |
| RENUSDT      | 0.0                       | nan           | 100.0            | 1.0             | 1.0               | 1.0                          | 0.0             | 713.96 | -18040.0 |
| XRPUSDT      | 0.0                       | nan           | 100.0            | 1.0             | 1.0               | 1.0                          | 0.0             | 713.96 | -18040.0 |
| EOSUSDT      | 0.0                       | nan           | 100.0            | 1.0             | 1.0               | 1.0                          | 0.0             | 713.96 | -18040.0 |
| 1INCHUSDT    | 0.0                       | nan           | 100.0            | 1.0             | 1.0               | 1.0                          | 0.0             | 713.96 | -18040.0 |
| MTLUSDT      | 0.0                       | nan           | 100.0            | 1.0             | 1.0               | 1.0                          | 0.0             | 713.96 | -18040.0 |
| AXSUSDT      | 0.0                       | nan           | 100.0            | 1.0             | 1.0               | 1.0                          | 0.0             | 713.96 | -18040.0 |
| CHRUSDT      | 0.0                       | nan           | 100.0            | 1.0             | 1.0               | 1.0                          | 0.0             | 713.96 | -18040.0 |
| KSMUSDT      | 0.0                       | nan           | 100.0            | 1.0             | 1.0               | 1.0                          | 0.0             | 713.96 | -18040.0 |
| ATOMUSDT     | 0.0                       | nan           | 100.0            | 1.0             | 1.0               | 1.0                          | 0.0             | 713.96 | -18040.0 |
| ZRXUSDT      | 0.0                       | nan           | 100.0            | 1.0             | 1.0               | 1.0                          | 0.0             | 713.96 | -18040.0 |
| TRXUSDT      | 0.0                       | nan           | 100.0            | 1.0             | 1.0               | 1.0                          | 0.0             | 713.96 | -18040.0 |
| BATUSDT      | 0.0                       | nan           | 100.0            | 1.0             | 1.0               | 1.0                          | 0.0             | 713.96 | -18040.0 |
| CELRUSDT     | 0.0                       | nan           | 100.0            | 1.0             | 1.0               | 1.0                          | 0.0             | 713.96 | -18040.0 |
| REEFUSDT     | 0.0                       | nan           | 100.0            | 1.0             | 1.0               | 1.0                          | 0.0             | 713.96 | -18040.0 |
| MATICUSDT    | 0.0                       | nan           | 100.0            | 1.0             | 1.0               | 1.0                          | 0.0             | 713.96 | -18040.0 |
| BALUSDT      | 0.0                       | nan           | 100.0            | 1.0             | 1.0               | 1.0                          | 0.0             | 713.96 | -18040.0 |
| SKLUSDT      | 0.0                       | nan           | 100.0            | 1.0             | 1.0               | 1.0                          | 0.0             | 713.96 | -18040.0 |
| RUNEUSDT     | 0.0                       | nan           | 100.0            | 1.0             | 1.0               | 1.0                          | 0.0             | 713.96 | -18040.0 |
| CTKUSDT      | 0.0                       | nan           | 100.0            | 1.0             | 1.0               | 1.0                          | 0.0             | 713.96 | -18040.0 |
| NEARUSDT     | 0.0                       | nan           | 100.0            | 1.0             | 1.0               | 1.0                          | 0.0             | 713.96 | -18040.0 |
| SXPUSDT      | 0.0                       | nan           | 100.0            | 1.0             | 1.0               | 1.0                          | 0.0             | 713.96 | -18040.0 |
| WAVESUSDT    | 0.0                       | nan           | 100.0            | 1.0             | 1.0               | 1.0                          | 0.0             | 713.96 | -18040.0 |
| OMGUSDT      | 0.0                       | nan           | 100.0            | 1.0             | 1.0               | 1.0                          | 0.0             | 713.96 | -18040.0 |
| HBARUSDT     | 0.0                       | nan           | 100.0            | 1.0             | 1.0               | 1.0                          | 0.0             | 713.96 | -18040.0 |
| 1000SHIBUSDT | 0.0                       | nan           | 100.0            | 1.0             | 1.0               | 1.0                          | 0.0             | 704.25 | -18040.0 |
| SCUSDT       | 0.0                       | nan           | 100.0            | 1.0             | 1.0               | 1.0                          | 0.0             | 713.96 | -18040.0 |
| FLMUSDT      | 0.0                       | nan           | 100.0            | 1.0             | 1.0               | 1.0                          | 0.0             | 713.96 | -18040.0 |
| ALGOUSDT     | 0.0                       | nan           | 100.0            | 1.0             | 1.0               | 1.0                          | 0.0             | 713.96 | -18040.0 |
| ONTUSDT      | 0.0                       | nan           | 100.0            | 1.0             | 1.0               | 1.0                          | 0.0             | 713.96 | -18040.0 |
| ANKRUSDT     | 0.0                       | nan           | 100.0            | 1.0             | 1.0               | 1.0                          | 0.0             | 713.96 | -18040.0 |
| RSRUSDT      | 0.0                       | nan           | 100.0            | 1.0             | 1.0               | 1.0                          | 0.0             | 713.96 | -18040.0 |
| ZENUSDT      | 0.0                       | nan           | 100.0            | 1.0             | 1.0               | 1.0                          | 0.0             | 713.96 | -18040.0 |
| EGLDUSDT     | 0.0                       | nan           | 100.0            | 1.0             | 1.0               | 1.0                          | 0.0             | 713.96 | -18040.0 |
| ETHUSDT      | 0.0                       | nan           | 100.0            | 1.0             | 1.0               | 1.0                          | 0.0             | 713.96 | -18040.0 |
| SNXUSDT      | 0.0                       | nan           | 100.0            | 1.0             | 1.0               | 1.0                          | 0.0             | 713.96 | -18040.0 |
| MANAUSDT     | 0.0                       | nan           | 100.0            | 1.0             | 1.0               | 1.0                          | 0.0             | 713.96 | -18040.0 |
| XTZUSDT      | 0.0                       | nan           | 100.0            | 1.0             | 1.0               | 1.0                          | 0.0             | 713.96 | -18040.0 |
| BCHUSDT      | 0.0                       | nan           | 100.0            | 1.0             | 1.0               | 1.0                          | 0.0             | 713.96 | -18040.0 |
| GRTUSDT      | 0.0                       | nan           | 100.0            | 1.0             | 1.0               | 1.0                          | 0.0             | 713.96 | -18040.0 |
| BTCSTUSDT    | 0.0                       | nan           | 100.0            | 1.0             | 1.0               | 1.0                          | 0.0             | 713.96 | -18040.0 |
| IOSTUSDT     | 0.0                       | nan           | 100.0            | 1.0             | 1.0               | 1.0                          | 0.0             | 713.96 | -18040.0 |
| ALPHAUSDT    | 0.0                       | nan           | 100.0            | 1.0             | 1.0               | 1.0                          | 0.0             | 713.96 | -18040.0 |
| DGBUSDT      | 0.0                       | nan           | 100.0            | 1.0             | 1.0               | 1.0                          | 0.0             | 713.96 | -18040.0 |
| AVAXUSDT     | 0.0                       | nan           | 100.0            | 1.0             | 1.0               | 1.0                          | 0.0             | 713.96 | -18040.0 |
| UNIUSDT      | 0.0                       | nan           | 100.0            | 1.0             | 1.0               | 1.0                          | 0.0             | 713.96 | -18040.0 |
| SFPUSDT      | 0.0                       | nan           | 100.0            | 1.0             | 1.0               | 1.0                          | 0.0             | 713.96 | -18040.0 |
| ADAUSDT      | 0.0                       | nan           | 100.0            | 1.0             | 1.0               | 1.0                          | 0.0             | 713.96 | -18040.0 |
| BELUSDT      | 0.0                       | nan           | 100.0            | 1.0             | 1.0               | 1.0                          | 0.0             | 713.96 | -18040.0 |
| QTUMUSDT     | 0.0                       | nan           | 100.0            | 1.0             | 1.0               | 1.0                          | 0.0             | 713.96 | -18040.0 |
| XEMUSDT      | 0.0                       | nan           | 100.0            | 1.0             | 1.0               | 1.0                          | 0.0             | 713.96 | -18040.0 |
| ETCUSDT      | 0.0                       | nan           | 100.0            | 1.0             | 1.0               | 1.0                          | 0.0             | 713.96 | -18040.0 |
| UNFIUSDT     | 0.0                       | nan           | 100.0            | 1.0             | 1.0               | 1.0                          | 0.0             | 713.96 | -18040.0 |
| CHZUSDT      | 0.0                       | nan           | 100.0            | 1.0             | 1.0               | 1.0                          | 0.0             | 713.96 | -18040.0 |
| LINAUSDT     | 0.0                       | nan           | 100.0            | 1.0             | 1.0               | 1.0                          | 0.0             | 713.96 | -18040.0 |
| NEOUSDT      | 0.0                       | nan           | 100.0            | 1.0             | 1.0               | 1.0                          | 0.0             | 713.96 | -18040.0 |
| SOLUSDT      | 0.0                       | nan           | 100.0            | 1.0             | 1.0               | 1.0                          | 0.0             | 713.96 | -18040.0 |
| DENTUSDT     | 0.0                       | nan           | 100.0            | 1.0             | 1.0               | 1.0                          | 0.0             | 713.96 | -18040.0 |
| BTSUSDT      | 0.0                       | nan           | 100.0            | 1.0             | 1.0               | 1.0                          | 0.0             | 713.96 | -18040.0 |
| RVNUSDT      | 0.0                       | nan           | 100.0            | 1.0             | 1.0               | 1.0                          | 0.0             | 713.96 | -18040.0 |
| HOTUSDT      | 0.0                       | nan           | 100.0            | 1.0             | 1.0               | 1.0                          | 0.0             | 713.96 | -18040.0 |
| FTMUSDT      | 0.0                       | nan           | 100.0            | 1.0             | 1.0               | 1.0                          | 0.0             | 713.96 | -18040.0 |
| BNBUSDT      | 0.0                       | nan           | 100.0            | 1.0             | 1.0               | 1.0                          | 0.0             | 713.96 | -18040.0 |
| COTIUSDT     | 0.0                       | nan           | 100.0            | 1.0             | 1.0               | 1.0                          | 0.0             | 713.96 | -18040.0 |
| ICXUSDT      | 0.0                       | nan           | 100.0            | 1.0             | 1.0               | 1.0                          | 0.0             | 713.96 | -18040.0 |
| BTCUSDT      | 0.0                       | nan           | 100.0            | 1.0             | 1.0               | 1.0                          | 0.0             | 713.96 | -18040.0 |
| KNCUSDT      | 0.0                       | nan           | 100.0            | 1.0             | 1.0               | 1.0                          | 0.0             | 713.96 | -18040.0 |
| IOTAUSDT     | 0.0                       | nan           | 100.0            | 1.0             | 1.0               | 1.0                          | 0.0             | 713.96 | -18040.0 |
| TOMOUSDT     | 0.0                       | nan           | 100.0            | 1.0             | 1.0               | 1.0                          | 0.0             | 702.96 | -18040.0 |
| KAVAUSDT     | 0.0                       | nan           | 100.0            | 1.0             | 1.0               | 1.0                          | 0.0             | 713.96 | -18040.0 |
| HNTUSDT      | 0.0                       | nan           | 100.0            | 1.0             | 1.0               | 1.0                          | 0.0             | 713.96 | -18040.0 |
| YFIUSDT      | 0.0                       | nan           | 100.0            | 1.0             | 1.0               | 1.0                          | 0.0             | 713.96 | -18040.0 |
| BANDUSDT     | 0.0                       | nan           | 100.0            | 1.0             | 1.0               | 1.0                          | 0.0             | 713.96 | -18040.0 |
| ZECUSDT      | 0.0                       | nan           | 100.0            | 1.0             | 1.0               | 1.0                          | 0.0             | 713.96 | -18040.0 |
| LTCUSDT      | 0.0                       | nan           | 100.0            | 1.0             | 1.0               | 1.0                          | 0.0             | 713.96 | -18040.0 |
| SRMUSDT      | 0.0                       | nan           | 100.0            | 1.0             | 1.0               | 1.0                          | 0.0             | 713.96 | -18040.0 |
| LINKUSDT     | 0.0                       | nan           | 100.0            | 1.0             | 1.0               | 1.0                          | 0.0             | 713.96 | -18040.0 |
| STMXUSDT     | 0.0                       | nan           | 100.0            | 1.0             | 1.0               | 1.0                          | 0.0             | 713.96 | -18040.0 |
| MKRUSDT      | 0.0                       | nan           | 100.0            | 1.0             | 1.0               | 1.0                          | 0.0             | 713.96 | -18040.0 |
| XLMUSDT      | 0.0                       | nan           | 100.0            | 1.0             | 1.0               | 1.0                          | 0.0             | 713.96 | -18040.0 |
| OCEANUSDT    | 0.0                       | nan           | 100.0            | 1.0             | 1.0               | 1.0                          | 0.0             | 713.96 | -18040.0 |
| DEFIUSDT     | 0.0                       | nan           | 100.0            | 1.0             | 1.0               | 1.0                          | 0.0             | 713.96 | -18040.0 |
| ENJUSDT      | 0.0                       | nan           | 100.0            | 1.0             | 1.0               | 1.0                          | 0.0             | 713.96 | -18040.0 |
| DASHUSDT     | 0.0                       | nan           | 100.0            | 1.0             | 1.0               | 1.0                          | 0.0             | 713.96 | -18040.0 |
| OGNUSDT      | 0.0                       | nan           | 100.0            | 1.0             | 1.0               | 1.0                          | 0.0             | 713.96 | -18040.0 |
| STORJUSDT    | 0.0                       | nan           | 100.0            | 1.0             | 1.0               | 1.0                          | 0.0             | 713.96 | -18040.0 |
| THETAUSDT    | 0.0                       | nan           | 100.0            | 1.0             | 1.0               | 1.0                          | 0.0             | 713.96 | -18040.0 |
| DOTUSDT      | 0.0                       | nan           | 100.0            | 1.0             | 1.0               | 1.0                          | 0.0             | 713.96 | -18040.0 |
| ALICEUSDT    | 0.0                       | nan           | 100.0            | 1.0             | 1.0               | 1.0                          | 0.0             | 713.96 | -18040.0 |
| DOGEUSDT     | 0.0                       | nan           | 100.0            | 1.0             | 1.0               | 1.0                          | 0.0             | 713.96 | -18040.0 |
| ONEUSDT      | 0.0                       | nan           | 100.0            | 1.0             | 1.0               | 1.0                          | 0.0             | 713.96 | -18040.0 |
| LRCUSDT      | 0.0                       | nan           | 100.0            | 1.0             | 1.0               | 1.0                          | 0.0             | 713.96 | -18040.0 |
| CRVUSDT      | 0.0                       | nan           | 100.0            | 1.0             | 1.0               | 1.0                          | 0.0             | 713.96 | -18040.0 |
| LITUSDT      | 0.0                       | nan           | 100.0            | 1.0             | 1.0               | 1.0                          | 0.0             | 713.96 | -18040.0 |
| BLZUSDT      | 0.0                       | nan           | 100.0            | 1.0             | 1.0               | 1.0                          | 0.0             | 713.96 | -18040.0 |
| AAVEUSDT     | 0.0                       | nan           | 100.0            | 1.0             | 1.0               | 1.0                          | 0.0             | 713.96 | -18040.0 |
| VETUSDT      | 0.0                       | nan           | 100.0            | 1.0             | 1.0               | 1.0                          | 0.0             | 713.96 | -18040.0 |
| SANDUSDT     | 0.0                       | nan           | 100.0            | 1.0             | 1.0               | 1.0                          | 0.0             | 713.96 | -18040.0 |
| ZILUSDT      | 0.0                       | nan           | 100.0            | 1.0             | 1.0               | 1.0                          | 0.0             | 713.96 | -18040.0 |
| RLCUSDT      | 0.0                       | nan           | 100.0            | 1.0             | 1.0               | 1.0                          | 0.0             | 713.96 | -18040.0 |
| XMRUSDT      | 0.0                       | nan           | 100.0            | 1.0             | 1.0               | 1.0                          | 0.0             | 713.96 | -18040.0 |
+--------------+---------------------------+---------------+------------------+-----------------+-------------------+------------------------------+-----------------+--------+----------+

