+-------------------------------------------------------------------------------------------------------------------------------------------------------------------------------------------+
|                                                                                            long                                                                                           |
+-----------+---------------+-------------+--------------+-----------------+---------------+--------------+-------------+-------------------------+----------------+--------+---------------+
| symbol    | adg_w_per_exp | adg_per_exp | exp_rts_mean | time_at_max_exp | hrs_stuck_max | pa_dist_mean | pa_dist_std | pa_dist_1pct_worst_mean | loss_profit_rt | n_days | score         |
+-----------+---------------+-------------+--------------+-----------------+---------------+--------------+-------------+-------------------------+----------------+--------+---------------+
| ATOMUSDT  | 0.001749      | 0.0026      | 0.1498       | 0.08861         | 66.75         | 0.01036      | 0.01392     | 0.08644                 | 0.01623        | 742.84 | 1297211.49825 |
| SKLUSDT   | 0.001583      | 0.001718    | 0.148        | 0.05866         | 47.2          | 0.01998      | 0.01817     | 0.1008                  | 0.0571         | 579.62 | 1297211.49842 |
| DOGEUSDT  | 0.001546      | 0.001414    | 0.1391       | 0.06658         | 40.42         | 0.01405      | 0.01633     | 0.1123                  | 0.08099        | 873.55 | 1297211.49845 |
| HBARUSDT  | 0.001381      | 0.001687    | 0.1487       | 0.08016         | 51.0          | 0.01493      | 0.02095     | 0.1418                  | 0.05832        | 728.69 | 1297211.49862 |
| THETAUSDT | 0.001239      | 0.001511    | 0.1386       | 0.08546         | 49.77         | 0.01318      | 0.02058     | 0.1469                  | 0.02288        | 783.44 | 1297211.49876 |
| VETUSDT   | 0.001159      | 0.0008932   | 0.1354       | 0.06375         | 40.67         | 0.01765      | 0.01615     | 0.08009                 | 0.06537        | 728.7  | 1297211.49884 |
| CELRUSDT  | 0.001067      | 0.001237    | 0.08732      | 0.04603         | 113.7         | 0.01923      | 0.01839     | 0.09237                 | 0.05454        | 728.69 | 1297211.49893 |
| DOTUSDT   | 0.001033      | 0.001522    | 0.1307       | 0.04949         | 57.57         | 0.01696      | 0.02029     | 0.1447                  | 0.09273        | 949.6  | 1297211.49897 |
| ANKRUSDT  | 0.0009913     | 0.0009783   | 0.07469      | 0.02785         | 62.28         | 0.01572      | 0.01482     | 0.07905                 | 0.09437        | 698.68 | 1297211.49901 |
| MATICUSDT | 0.0009864     | 0.001449    | 0.1301       | 0.08114         | 71.42         | 0.01725      | 0.02687     | 0.1445                  | 0.02912        | 846.71 | 1297211.49901 |
| NEARUSDT  | 0.0008994     | 0.001368    | 0.14         | 0.07707         | 75.83         | 0.01982      | 0.0217      | 0.1325                  | 0.04883        | 742.81 | 1297211.4991  |
| LINKUSDT  | 0.0008181     | 0.001347    | 0.07429      | 0.02073         | 48.62         | 0.01901      | 0.01896     | 0.1015                  | 0.03947        | 1097.6 | 1297211.49918 |
| 1INCHUSDT | 0.0003492     | 0.0003749   | 0.0664       | 0.01323         | 62.7          | 0.02342      | 0.02667     | 0.1441                  | 0.09169        | 686.6  | 1297245.67601 |
| SANDUSDT  | 0.0003373     | 0.001469    | 0.1219       | 0.06755         | 59.27         | 0.02315      | 0.0399      | 0.2355                  | 0.1383         | 721.6  | 1767115.81074 |
| SOLUSDT   | 0.0009501     | 0.001499    | 0.1357       | 0.02775         | 72.48         | 0.02857      | 0.03339     | 0.2091                  | 0.1769         | 846.7  | 2125605.24663 |
+-----------+---------------+-------------+--------------+-----------------+---------------+--------------+-------------+-------------------------+----------------+--------+---------------+

+-----------------------------------------------------------------------------------------------------------------------------------------------------------------------------------------+
|                                                                                          short                                                                                          |
+-----------+---------------+-------------+--------------+-----------------+---------------+--------------+-------------+-------------------------+----------------+--------+-------------+
| symbol    | adg_w_per_exp | adg_per_exp | exp_rts_mean | time_at_max_exp | hrs_stuck_max | pa_dist_mean | pa_dist_std | pa_dist_1pct_worst_mean | loss_profit_rt | n_days | score       |
+-----------+---------------+-------------+--------------+-----------------+---------------+--------------+-------------+-------------------------+----------------+--------+-------------+
| ANKRUSDT  | 0.0           | 0.0         | 0.0          | 0.0             | nan           | 100.0        | 1.0         | 100.0                   | 1.0            | 698.68 | 111244011.5 |
| DOTUSDT   | 0.0           | 0.0         | 0.0          | 0.0             | nan           | 100.0        | 1.0         | 100.0                   | 1.0            | 949.6  | 111244011.5 |
| MATICUSDT | 0.0           | 0.0         | 0.0          | 0.0             | nan           | 100.0        | 1.0         | 100.0                   | 1.0            | 846.71 | 111244011.5 |
| NEARUSDT  | 0.0           | 0.0         | 0.0          | 0.0             | nan           | 100.0        | 1.0         | 100.0                   | 1.0            | 742.81 | 111244011.5 |
| 1INCHUSDT | 0.0           | 0.0         | 0.0          | 0.0             | nan           | 100.0        | 1.0         | 100.0                   | 1.0            | 686.6  | 111244011.5 |
| DOGEUSDT  | 0.0           | 0.0         | 0.0          | 0.0             | nan           | 100.0        | 1.0         | 100.0                   | 1.0            | 873.55 | 111244011.5 |
| SOLUSDT   | 0.0           | 0.0         | 0.0          | 0.0             | nan           | 100.0        | 1.0         | 100.0                   | 1.0            | 846.7  | 111244011.5 |
| SKLUSDT   | 0.0           | 0.0         | 0.0          | 0.0             | nan           | 100.0        | 1.0         | 100.0                   | 1.0            | 579.62 | 111244011.5 |
| VETUSDT   | 0.0           | 0.0         | 0.0          | 0.0             | nan           | 100.0        | 1.0         | 100.0                   | 1.0            | 728.7  | 111244011.5 |
| THETAUSDT | 0.0           | 0.0         | 0.0          | 0.0             | nan           | 100.0        | 1.0         | 100.0                   | 1.0            | 783.44 | 111244011.5 |
| ATOMUSDT  | 0.0           | 0.0         | 0.0          | 0.0             | nan           | 100.0        | 1.0         | 100.0                   | 1.0            | 742.84 | 111244011.5 |
| SANDUSDT  | 0.0           | 0.0         | 0.0          | 0.0             | nan           | 100.0        | 1.0         | 100.0                   | 1.0            | 721.6  | 111244011.5 |
| HBARUSDT  | 0.0           | 0.0         | 0.0          | 0.0             | nan           | 100.0        | 1.0         | 100.0                   | 1.0            | 728.69 | 111244011.5 |
| LINKUSDT  | 0.0           | 0.0         | 0.0          | 0.0             | nan           | 100.0        | 1.0         | 100.0                   | 1.0            | 1097.6 | 111244011.5 |
| CELRUSDT  | 0.0           | 0.0         | 0.0          | 0.0             | nan           | 100.0        | 1.0         | 100.0                   | 1.0            | 728.69 | 111244011.5 |
+-----------+---------------+-------------+--------------+-----------------+---------------+--------------+-------------+-------------------------+----------------+--------+-------------+

