+-------------------------------------------------------------------------------------------------------------------------------------------------------------------------+
|                                                                                   long                                                                                  |
+-----------+---------------+-------------+---------------+--------------+-------------+----------------+------------------------+--------------+--------+----------------+
| symbol    | adg_w_per_exp | adg_per_exp | hrs_stuck_max | pa_dist_mean | pa_dist_std | loss_profit_rt | eqbal_rt_10_worst_mean | eqbal_rt_std | n_days | score          |
+-----------+---------------+-------------+---------------+--------------+-------------+----------------+------------------------+--------------+--------+----------------+
| FETUSDT   | 0.009308      | 0.008662    | 57.27         | 0.009451     | 0.01156     | 0.0831         | 0.9572                 | 0.004247     | 114.89 | -57518.0093079 |
| APTUSDT   | 0.003976      | 0.004173    | 50.42         | 0.006978     | 0.009122    | 0.06421        | 0.969                  | 0.003431     | 204.92 | -57518.0039765 |
| OPUSDT    | 0.003574      | 0.004432    | 46.25         | 0.01149      | 0.01243     | 0.1377         | 0.9408                 | 0.004223     | 344.41 | -57518.0035742 |
| ARUSDT    | 0.002104      | 0.002518    | 53.28         | 0.0108       | 0.01259     | 0.1248         | 0.9194                 | 0.003724     | 590.85 | -57518.0021037 |
| FTMUSDT   | 0.001823      | 0.002813    | 65.52         | 0.01365      | 0.0197      | 0.0904         | 0.8743                 | 0.006161     | 959.71 | -57518.0018234 |
| MATICUSDT | 0.001394      | 0.003226    | 66.38         | 0.01253      | 0.01594     | 0.1237         | 0.9002                 | 0.005075     | 931.71 | -57518.0013937 |
+-----------+---------------+-------------+---------------+--------------+-------------+----------------+------------------------+--------------+--------+----------------+

+------------------------------------------------------------------------------------------------------------------------------------------------------------------+
|                                                                              short                                                                               |
+-----------+---------------+-------------+---------------+--------------+-------------+----------------+------------------------+--------------+--------+---------+
| symbol    | adg_w_per_exp | adg_per_exp | hrs_stuck_max | pa_dist_mean | pa_dist_std | loss_profit_rt | eqbal_rt_10_worst_mean | eqbal_rt_std | n_days | score   |
+-----------+---------------+-------------+---------------+--------------+-------------+----------------+------------------------+--------------+--------+---------+
| MATICUSDT | 0.0           | 0.0         | 0.0           | 100.0        | 0.0         | 1.0            | 1.0                    | 0.0          | 931.71 | -4020.0 |
| APTUSDT   | 0.0           | 0.0         | 0.0           | 100.0        | 0.0         | 1.0            | 1.0                    | 0.0          | 204.92 | -4020.0 |
| FETUSDT   | 0.0           | 0.0         | 0.0           | 100.0        | 0.0         | 1.0            | 1.0                    | 0.0          | 114.89 | -4020.0 |
| ARUSDT    | 0.0           | 0.0         | 0.0           | 100.0        | 0.0         | 1.0            | 1.0                    | 0.0          | 590.85 | -4020.0 |
| FTMUSDT   | 0.0           | 0.0         | 0.0           | 100.0        | 0.0         | 1.0            | 1.0                    | 0.0          | 959.71 | -4020.0 |
| OPUSDT    | 0.0           | 0.0         | 0.0           | 100.0        | 0.0         | 1.0            | 1.0                    | 0.0          | 344.41 | -4020.0 |
+-----------+---------------+-------------+---------------+--------------+-------------+----------------+------------------------+--------------+--------+---------+

