# note: symbols with little price history are not optimized on their own; instead the best config from among the symbols with more price history is chosen.

+--------------------------------------------------------------------------------------------------------------------------------------------------------------------------------------------+
|                                                                                            long                                                                                            |
+---------------+---------------+-------------+--------------+---------------+--------------+-------------+----------------+------------------------+--------------+--------+----------------+
| symbol        | adg_w_per_exp | adg_per_exp | exp_rts_mean | hrs_stuck_max | pa_dist_mean | pa_dist_std | loss_profit_rt | eqbal_rt_10_worst_mean | eqbal_rt_std | n_days | score          |
+---------------+---------------+-------------+--------------+---------------+--------------+-------------+----------------+------------------------+--------------+--------+----------------+
| MAVUSDT       | 0.02379       | 0.0231      | 0.02619      | 0.9167        | 0.004078     | 0.003627    | 0.0            | 0.9998                 | 0.0002321    | 1.46   | -240179.273789 |
| EDUUSDT       | 0.007631      | 0.002877    | 0.05019      | 48.85         | 0.01233      | 0.01111     | 0.0002838      | 0.9702                 | 0.003106     | 61.46  | -240179.257631 |
| COMBOUSDT     | 0.005082      | 0.001361    | 0.0565       | 41.15         | 0.01584      | 0.01917     | 0.08084        | 0.9399                 | 0.008445     | 28.46  | -240179.255082 |
| KEYUSDT       | 0.005061      | 0.002992    | 0.03134      | 21.98         | 0.007213     | 0.01797     | 0.01641        | 0.9405                 | 0.006592     | 37.46  | -240179.255061 |
| 1000PEPEUSDT  | 0.003267      | 0.005691    | 0.03628      | 38.85         | 0.008485     | 0.01061     | 0.007812       | 0.9655                 | 0.004118     | 56.29  | -240179.253267 |
| RDNTUSDT      | 0.003038      | 0.001278    | 0.05331      | 42.5          | 0.01108      | 0.009539    | 0.07651        | 0.9707                 | 0.003345     | 86.46  | -240179.253038 |
| 1000LUNCUSDT  | 0.002831      | 0.002713    | 0.01892      | 60.15         | 0.006157     | 0.006268    | 0.0004459      | 0.9617                 | 0.001637     | 294.42 | -240179.252831 |
| RNDRUSDT      | 0.002466      | 0.002853    | 0.02775      | 46.53         | 0.005754     | 0.007002    | 0.01058        | 0.9682                 | 0.002595     | 147.88 | -240179.252466 |
| BLURUSDT      | 0.002222      | 0.001807    | 0.03876      | 34.15         | 0.01042      | 0.007862    | 0.0            | 0.9944                 | 0.0006842    | 63.46  | -240179.252222 |
| UMAUSDT       | 0.002192      | 0.001664    | 0.06568      | 66.73         | 0.01051      | 0.01006     | 0.02656        | 0.9537                 | 0.004742     | 51.46  | -240179.252192 |
| MATICUSDT     | 0.001914      | 0.003494    | 0.04941      | 64.25         | 0.01004      | 0.01839     | 0.04938        | 0.8783                 | 0.006751     | 790.96 | -240179.251914 |
| WAVESUSDT     | 0.0018        | 0.001793    | 0.04424      | 67.65         | 0.01148      | 0.01866     | 0.07194        | 0.8964                 | 0.007368     | 790.96 | -240179.2518   |
| ARBUSDT       | 0.001753      | 0.002787    | 0.07003      | 54.18         | 0.007899     | 0.01151     | 0.0744         | 0.9557                 | 0.00542      | 99.33  | -240179.251753 |
| FETUSDT       | 0.001685      | 0.002582    | 0.04292      | 58.87         | 0.0101       | 0.008188    | 0.008523       | 0.9723                 | 0.001996     | 164.88 | -240179.251685 |
| SANDUSDT      | 0.00168       | 0.002848    | 0.06004      | 83.5          | 0.01215      | 0.01935     | 0.06457        | 0.8523                 | 0.007707     | 790.96 | -240179.25168  |
| RLCUSDT       | 0.001648      | 0.002819    | 0.06877      | 75.63         | 0.0134       | 0.01883     | 0.06501        | 0.8683                 | 0.007704     | 790.96 | -240179.251648 |
| LINAUSDT      | 0.001573      | 0.001562    | 0.05636      | 89.82         | 0.01732      | 0.01958     | 0.09984        | 0.8662                 | 0.007241     | 790.96 | -240179.251573 |
| XRPUSDT       | 0.001552      | 0.00281     | 0.0737       | 54.48         | 0.00601      | 0.006677    | 0.04685        | 0.938                  | 0.003405     | 790.96 | -240179.251552 |
| RADUSDT       | 0.001529      | 0.001067    | 0.07301      | 86.25         | 0.01448      | 0.0134      | 0.02399        | 0.9518                 | 0.00547      | 51.46  | -240179.251529 |
| STXUSDT       | 0.001527      | 0.001987    | 0.07049      | 79.0          | 0.01413      | 0.01336     | 0.03692        | 0.9446                 | 0.005448     | 129.38 | -240179.251527 |
| SOLUSDT       | 0.001527      | 0.003006    | 0.07079      | 70.25         | 0.01362      | 0.01374     | 0.07625        | 0.9165                 | 0.00494      | 790.96 | -240179.251527 |
| HBARUSDT      | 0.001526      | 0.002713    | 0.07307      | 62.38         | 0.008337     | 0.01535     | 0.09476        | 0.8719                 | 0.005924     | 790.96 | -240179.251526 |
| ALPHAUSDT     | 0.001461      | 0.001997    | 0.06436      | 93.28         | 0.01381      | 0.01981     | 0.08342        | 0.846                  | 0.00771      | 790.96 | -240179.251461 |
| TOMOUSDT      | 0.001408      | 0.001291    | 0.02862      | 75.35         | 0.008951     | 0.01274     | 0.05539        | 0.9161                 | 0.004201     | 790.96 | -240179.251408 |
| ADAUSDT       | 0.001396      | 0.00243     | 0.06689      | 62.87         | 0.009891     | 0.01497     | 0.07868        | 0.9079                 | 0.006272     | 790.96 | -240179.251396 |
| HOTUSDT       | 0.001382      | 0.001914    | 0.02749      | 64.25         | 0.00865      | 0.01569     | 0.01985        | 0.8629                 | 0.005196     | 790.96 | -240179.251382 |
| MANAUSDT      | 0.001371      | 0.00245     | 0.06511      | 93.58         | 0.0124       | 0.01772     | 0.0917         | 0.8776                 | 0.007175     | 790.96 | -240179.251371 |
| NKNUSDT       | 0.001369      | 0.002182    | 0.07426      | 92.55         | 0.013        | 0.01898     | 0.05401        | 0.8245                 | 0.007311     | 790.96 | -240179.251369 |
| COTIUSDT      | 0.001359      | 0.00228     | 0.07439      | 86.05         | 0.01361      | 0.0177      | 0.05869        | 0.8612                 | 0.007282     | 790.96 | -240179.251359 |
| MKRUSDT       | 0.001332      | 0.002104    | 0.05059      | 88.83         | 0.01044      | 0.01119     | 0.05121        | 0.9061                 | 0.003529     | 790.96 | -240179.251332 |
| VETUSDT       | 0.001329      | 0.002821    | 0.07132      | 53.4          | 0.008631     | 0.01667     | 0.04719        | 0.8619                 | 0.006707     | 790.96 | -240179.251329 |
| DOGEUSDT      | 0.001282      | 0.002152    | 0.04833      | 67.1          | 0.008719     | 0.01155     | 0.05694        | 0.8798                 | 0.005362     | 790.96 | -240179.251282 |
| 1000FLOKIUSDT | 0.001279      | 0.001095    | 0.06159      | 72.0          | 0.0184       | 0.0111      | 0.009051       | 0.9782                 | 0.002366     | 55.29  | -240179.251279 |
| MTLUSDT       | 0.00127       | 0.001612    | 0.05034      | 95.87         | 0.0156       | 0.017       | 0.0764         | 0.892                  | 0.005952     | 790.96 | -240179.25127  |
| CELRUSDT      | 0.001243      | 0.001996    | 0.06753      | 95.97         | 0.0151       | 0.01554     | 0.01128        | 0.8817                 | 0.005632     | 790.96 | -240179.251243 |
| ICPUSDT       | 0.001238      | 0.001148    | 0.03547      | 83.17         | 0.01066      | 0.008179    | 0.0            | 0.9757                 | 0.001148     | 276.88 | -240179.251238 |
| GRTUSDT       | 0.001229      | 0.001881    | 0.07144      | 75.32         | 0.0131       | 0.01891     | 0.07027        | 0.8581                 | 0.00757      | 790.96 | -240179.251229 |
| ATOMUSDT      | 0.001186      | 0.002626    | 0.0714       | 92.58         | 0.009895     | 0.01947     | 0.06098        | 0.8674                 | 0.007626     | 790.96 | -240179.251186 |
| OPUSDT        | 0.001157      | 0.001771    | 0.07265      | 63.27         | 0.01532      | 0.01645     | 0.05319        | 0.8966                 | 0.006676     | 394.38 | -240179.251157 |
| HIGHUSDT      | 0.001152      | 0.001232    | 0.05588      | 50.18         | 0.01925      | 0.01566     | 0.0            | 0.9645                 | 0.004237     | 143.88 | -240179.251152 |
| LRCUSDT       | 0.001137      | 0.00204     | 0.07025      | 77.15         | 0.01326      | 0.01514     | 0.0515         | 0.8726                 | 0.007151     | 790.96 | -240179.251137 |
| LQTYUSDT      | 0.001104      | 0.001356    | 0.04711      | 41.22         | 0.01171      | 0.01416     | 0.05543        | 0.936                  | 0.005641     | 112.46 | -240179.251104 |
| RVNUSDT       | 0.001098      | 0.002014    | 0.06469      | 94.55         | 0.01017      | 0.01393     | 0.07099        | 0.8745                 | 0.005539     | 790.96 | -240179.251098 |
| OMGUSDT       | 0.001095      | 0.00165     | 0.07339      | 91.92         | 0.01374      | 0.01162     | 0.02566        | 0.9167                 | 0.004132     | 790.96 | -240179.251095 |
| ACHUSDT       | 0.001092      | 0.001405    | 0.04597      | 74.3          | 0.01835      | 0.01264     | 0.0            | 0.976                  | 0.002385     | 128.38 | -240179.251092 |
| OCEANUSDT     | 0.00109       | 0.001459    | 0.07183      | 86.4          | 0.01691      | 0.01468     | 0.09747        | 0.8918                 | 0.005659     | 790.96 | -240179.25109  |
| LDOUSDT       | 0.001087      | 0.001294    | 0.05905      | 70.07         | 0.01242      | 0.01835     | 0.03731        | 0.886                  | 0.006892     | 281.46 | -240179.251087 |
| UNFIUSDT      | 0.001018      | 0.001797    | 0.07155      | 85.1          | 0.01731      | 0.01681     | 0.03737        | 0.8791                 | 0.00689      | 790.96 | -240179.251018 |
| ALGOUSDT      | 0.001015      | 0.001652    | 0.04873      | 92.02         | 0.01087      | 0.01243     | 0.01022        | 0.8991                 | 0.004313     | 790.96 | -240179.251015 |
| ETCUSDT       | 0.001006      | 0.001666    | 0.04578      | 57.35         | 0.008094     | 0.01727     | 0.0903         | 0.9012                 | 0.006128     | 790.96 | -240179.251006 |
| MAGICUSDT     | 0.001001      | 0.0009665   | 0.02644      | 64.02         | 0.01808      | 0.01549     | 0.0535         | 0.9447                 | 0.005201     | 156.83 | -240179.251001 |
| NEARUSDT      | 0.0009997     | 0.001803    | 0.05992      | 93.68         | 0.01539      | 0.01766     | 0.07147        | 0.9038                 | 0.006447     | 790.96 | -240179.251    |
| RSRUSDT       | 0.0009918     | 0.001191    | 0.04362      | 94.52         | 0.01838      | 0.019       | 0.06529        | 0.8616                 | 0.006868     | 790.96 | -240179.250992 |
| ALICEUSDT     | 0.0009917     | 0.002066    | 0.05123      | 90.7          | 0.0114       | 0.01301     | 0.01917        | 0.89                   | 0.00485      | 790.96 | -240179.250992 |
| QNTUSDT       | 0.000982      | 0.001288    | 0.03813      | 75.57         | 0.00874      | 0.007118    | 0.0            | 0.9736                 | 0.001256     | 253.88 | -240179.250982 |
| ARPAUSDT      | 0.0009788     | 0.00098     | 0.02843      | 60.25         | 0.00936      | 0.01747     | 0.06384        | 0.9103                 | 0.005854     | 619.83 | -240179.250979 |
| ONTUSDT       | 0.0009739     | 0.001205    | 0.05253      | 92.05         | 0.01158      | 0.01565     | 0.09324        | 0.8883                 | 0.00634      | 790.96 | -240179.250974 |
| GALAUSDT      | 0.0009545     | 0.001336    | 0.04831      | 63.5          | 0.009327     | 0.01341     | 0.08495        | 0.9411                 | 0.005103     | 650.83 | -240179.250954 |
| LEVERUSDT     | 0.0009488     | 0.0008985   | 0.04732      | 50.1          | 0.01288      | 0.01013     | 0.0            | 0.9762                 | 0.002014     | 92.46  | -240179.250949 |
| ZECUSDT       | 0.0009316     | 0.001524    | 0.0741       | 95.35         | 0.01218      | 0.01932     | 0.06415        | 0.8751                 | 0.007888     | 790.96 | -240179.250932 |
| MINAUSDT      | 0.0009165     | 0.001378    | 0.05247      | 87.6          | 0.008845     | 0.009616    | 0.01235        | 0.9518                 | 0.003567     | 143.5  | -240179.250917 |
| CFXUSDT       | 0.0009135     | 0.001158    | 0.04438      | 73.1          | 0.01714      | 0.01367     | 0.0297         | 0.9569                 | 0.0036       | 130.38 | -240179.250913 |
| PHBUSDT       | 0.0009123     | 0.001045    | 0.07191      | 45.23         | 0.01584      | 0.01411     | 0.05575        | 0.941                  | 0.006108     | 134.38 | -240179.250912 |
| SUSHIUSDT     | 0.0009106     | 0.0007766   | 0.01782      | 88.05         | 0.01493      | 0.01356     | 0.02388        | 0.909                  | 0.003528     | 790.96 | -240179.250911 |
| HOOKUSDT      | 0.0009101     | 0.001044    | 0.04357      | 77.55         | 0.01706      | 0.01292     | 0.01717        | 0.9592                 | 0.003406     | 158.83 | -240179.25091  |
| ASTRUSDT      | 0.0009098     | 0.0012      | 0.05531      | 65.55         | 0.01139      | 0.01015     | 0.07029        | 0.9623                 | 0.003933     | 136.88 | -240179.25091  |
| YFIUSDT       | 0.0009078     | 0.002753    | 0.03053      | 87.47         | 0.01159      | 0.012       | 0.02077        | 0.9173                 | 0.003409     | 790.96 | -240179.250908 |
| THETAUSDT     | 0.0009084     | 0.002755    | 0.07462      | 59.37         | 0.01143      | 0.01338     | 0.05575        | 0.8878                 | 0.006705     | 790.96 | -240179.250908 |
| AGIXUSDT      | 0.0009022     | 0.001438    | 0.07405      | 68.47         | 0.01534      | 0.01384     | 0.06714        | 0.9511                 | 0.005743     | 134.38 | -240179.250902 |
| REEFUSDT      | 0.0009        | 0.001544    | 0.06381      | 85.23         | 0.01633      | 0.01848     | 0.09114        | 0.88                   | 0.006974     | 790.96 | -240179.2509   |
| BANDUSDT      | 0.0009004     | 0.00143     | 0.05471      | 89.53         | 0.01611      | 0.01566     | 0.05763        | 0.9013                 | 0.00528      | 790.96 | -240179.2509   |
| SNXUSDT       | 0.0008976     | 0.00137     | 0.0743       | 78.75         | 0.01489      | 0.01804     | 0.06863        | 0.8916                 | 0.00691      | 790.96 | -240179.250898 |
| AMBUSDT       | 0.0008936     | 0.0008387   | 0.03102      | 69.82         | 0.01977      | 0.0165      | 0.0            | 0.9303                 | 0.004813     | 92.46  | -240179.250894 |
| FTMUSDT       | 0.0008926     | 0.001519    | 0.06874      | 92.6          | 0.01493      | 0.01727     | 0.06896        | 0.8729                 | 0.007306     | 790.96 | -240179.250893 |
| CVXUSDT       | 0.0008874     | 0.0009632   | 0.03141      | 62.13         | 0.00824      | 0.006869    | 0.001096       | 0.9751                 | 0.001441     | 281.46 | -240179.250887 |
| INJUSDT       | 0.0008807     | 0.0009596   | 0.01926      | 51.93         | 0.00839      | 0.006865    | 0.0            | 0.9872                 | 0.0007157    | 317.88 | -240179.250881 |
| SKLUSDT       | 0.000879      | 0.001456    | 0.06741      | 92.57         | 0.01493      | 0.01453     | 0.06286        | 0.9061                 | 0.005971     | 790.96 | -240179.250879 |
| DGBUSDT       | 0.0008655     | 0.001568    | 0.0722       | 80.62         | 0.01433      | 0.0188      | 0.06739        | 0.8623                 | 0.006621     | 790.96 | -240179.250865 |
| UNIUSDT       | 0.0008648     | 0.00169     | 0.07207      | 81.68         | 0.01212      | 0.01535     | 0.04847        | 0.8687                 | 0.005722     | 790.96 | -240179.250865 |
| IMXUSDT       | 0.0008587     | 0.001333    | 0.04966      | 94.5          | 0.01496      | 0.01144     | 0.01496        | 0.9618                 | 0.002647     | 504.83 | -240179.250859 |
| ANKRUSDT      | 0.0008563     | 0.001355    | 0.05423      | 85.53         | 0.01103      | 0.01159     | 0.09943        | 0.9096                 | 0.004205     | 790.96 | -240179.250856 |
| ZRXUSDT       | 0.0008521     | 0.001116    | 0.04087      | 74.9          | 0.01267      | 0.01486     | 0.0348         | 0.8958                 | 0.00475      | 790.96 | -240179.250852 |
| CKBUSDT       | 0.0008271     | 0.001445    | 0.05437      | 68.32         | 0.01319      | 0.01145     | 0.006725       | 0.9809                 | 0.001979     | 122.46 | -240179.250827 |
| ICXUSDT       | 0.0008158     | 0.001277    | 0.06655      | 90.77         | 0.0156       | 0.01781     | 0.07387        | 0.8769                 | 0.006784     | 790.96 | -240179.250816 |
| XLMUSDT       | 0.0008043     | 0.001453    | 0.07068      | 82.92         | 0.009041     | 0.0179      | 0.09213        | 0.8592                 | 0.00608      | 790.96 | -240179.250804 |
| NEOUSDT       | 0.0008015     | 0.001197    | 0.058        | 94.15         | 0.01219      | 0.01455     | 0.07599        | 0.8896                 | 0.006052     | 790.96 | -240179.250801 |
| 1INCHUSDT     | 0.0008        | 0.001285    | 0.06517      | 80.13         | 0.01157      | 0.01925     | 0.09538        | 0.8749                 | 0.007532     | 790.96 | -240179.2508   |
| HFTUSDT       | 0.0007994     | 0.0009897   | 0.07078      | 69.17         | 0.01357      | 0.01101     | 0.008315       | 0.9654                 | 0.003423     | 85.46  | -240179.250799 |
| RUNEUSDT      | 0.0007871     | 0.002357    | 0.0718       | 79.83         | 0.01347      | 0.01936     | 0.03471        | 0.8632                 | 0.007499     | 790.96 | -240179.250787 |
| ENJUSDT       | 0.0007787     | 0.00177     | 0.06593      | 63.5          | 0.01364      | 0.01752     | 0.04495        | 0.8823                 | 0.006532     | 790.96 | -240179.250779 |
| BELUSDT       | 0.0007787     | 0.001423    | 0.04713      | 83.73         | 0.01598      | 0.01795     | 0.03105        | 0.8943                 | 0.005806     | 790.96 | -240179.250779 |
| AUDIOUSDT     | 0.0007731     | 0.001387    | 0.06822      | 85.53         | 0.01596      | 0.0129      | 0.06548        | 0.9374                 | 0.003864     | 680.83 | -240179.250773 |
| CHZUSDT       | 0.0007655     | 0.001813    | 0.02759      | 89.97         | 0.01162      | 0.01056     | 0.01777        | 0.932                  | 0.002373     | 790.96 | -240179.250765 |
| FILUSDT       | 0.0007588     | 0.001016    | 0.03844      | 57.9          | 0.007087     | 0.01023     | 0.06837        | 0.915                  | 0.004328     | 790.96 | -240179.250759 |
| IDUSDT        | 0.0007558     | 0.0007804   | 0.04516      | 64.73         | 0.01687      | 0.01352     | 0.0            | 0.9712                 | 0.002987     | 99.38  | -240179.250756 |
| CHRUSDT       | 0.0007472     | 0.001512    | 0.05387      | 89.58         | 0.01307      | 0.01911     | 0.03948        | 0.8768                 | 0.006834     | 790.96 | -240179.250747 |
| STGUSDT       | 0.000743      | 0.0009503   | 0.05123      | 71.92         | 0.01099      | 0.01032     | 0.05799        | 0.9535                 | 0.003667     | 309.46 | -240179.250743 |
| TRUUSDT       | 0.000732      | 0.0009575   | 0.06987      | 82.28         | 0.01919      | 0.01655     | 0.0            | 0.9492                 | 0.006211     | 115.46 | -240179.250732 |
| LINKUSDT      | 0.0007304     | 0.001709    | 0.06853      | 91.9          | 0.01339      | 0.01346     | 0.05713        | 0.9032                 | 0.004807     | 790.96 | -240179.25073  |
| AVAXUSDT      | 0.0007255     | 0.002307    | 0.05056      | 72.0          | 0.01155      | 0.01436     | 0.07894        | 0.8914                 | 0.005048     | 790.96 | -240179.250726 |
| FXSUSDT       | 0.0007198     | 0.001081    | 0.0291       | 50.03         | 0.01176      | 0.009024    | 0.003222       | 0.9775                 | 0.001325     | 161.83 | -240179.25072  |
| SPELLUSDT     | 0.0007027     | 0.0008458   | 0.03469      | 82.3          | 0.007181     | 0.006839    | 0.002483       | 0.9695                 | 0.001645     | 297.46 | -240179.250703 |
| DOTUSDT       | 0.0007017     | 0.001821    | 0.0739       | 95.77         | 0.01233      | 0.01113     | 0.01577        | 0.8733                 | 0.004378     | 790.96 | -240179.250702 |
| QTUMUSDT      | 0.0007006     | 0.001325    | 0.04201      | 66.97         | 0.01052      | 0.01242     | 0.05843        | 0.8998                 | 0.005014     | 790.96 | -240179.250701 |
| SFPUSDT       | 0.0006893     | 0.001657    | 0.0315       | 88.13         | 0.01199      | 0.01424     | 0.07044        | 0.8945                 | 0.004677     | 790.96 | -240179.250689 |
| COMPUSDT      | 0.0006854     | 0.00123     | 0.05483      | 92.82         | 0.0136       | 0.01232     | 0.004694       | 0.9194                 | 0.003354     | 790.96 | -240179.250685 |
| XEMUSDT       | 0.0006853     | 0.0009892   | 0.06241      | 93.53         | 0.01461      | 0.01463     | 0.07324        | 0.8806                 | 0.006622     | 790.96 | -240179.250685 |
| SXPUSDT       | 0.0006843     | 0.002807    | 0.03078      | 95.78         | 0.01436      | 0.01321     | 0.008022       | 0.8834                 | 0.003554     | 790.96 | -240179.250684 |
| SSVUSDT       | 0.0006811     | 0.0008822   | 0.01941      | 57.95         | 0.01448      | 0.01052     | 0.0            | 0.9886                 | 0.0008153    | 126.46 | -240179.250681 |
| CTKUSDT       | 0.0006746     | 0.001472    | 0.07152      | 94.97         | 0.01657      | 0.01722     | 0.06113        | 0.8779                 | 0.005407     | 790.96 | -240179.250675 |
| IOSTUSDT      | 0.0006716     | 0.001149    | 0.05413      | 92.08         | 0.01349      | 0.01335     | 0.06596        | 0.9149                 | 0.004448     | 790.96 | -240179.250672 |
| ONEUSDT       | 0.0006679     | 0.00129     | 0.06703      | 96.0          | 0.01651      | 0.01418     | 0.06091        | 0.8854                 | 0.005903     | 790.96 | -240179.250668 |
| XMRUSDT       | 0.0006476     | 0.001408    | 0.05986      | 69.22         | 0.008076     | 0.01994     | 0.0694         | 0.8104                 | 0.007675     | 790.96 | -240179.250648 |
| OGNUSDT       | 0.0006449     | 0.001401    | 0.04969      | 86.65         | 0.01485      | 0.01772     | 0.03847        | 0.8709                 | 0.006758     | 790.96 | -240179.250645 |
| BLZUSDT       | 0.0006382     | 0.000985    | 0.05407      | 93.15         | 0.01808      | 0.01883     | 0.09929        | 0.875                  | 0.007037     | 790.96 | -240179.250638 |
| EGLDUSDT      | 0.0006326     | 0.001552    | 0.05075      | 61.73         | 0.01337      | 0.01431     | 0.07454        | 0.9149                 | 0.004633     | 790.96 | -240179.250633 |
| AAVEUSDT      | 0.0006217     | 0.001519    | 0.0402       | 67.2          | 0.0173       | 0.01388     | 0.05419        | 0.9295                 | 0.003831     | 790.96 | -240179.250622 |
| GMXUSDT       | 0.0006193     | 0.0007091   | 0.06         | 77.33         | 0.01391      | 0.01023     | 0.0            | 0.9872                 | 0.001736     | 133.38 | -240179.250619 |
| IOTAUSDT      | 0.0006048     | 0.002246    | 0.05377      | 95.75         | 0.01474      | 0.01643     | 0.0819         | 0.8865                 | 0.006049     | 790.96 | -240179.250605 |
| CELOUSDT      | 0.0005984     | 0.001202    | 0.05537      | 80.13         | 0.01141      | 0.01353     | 0.07965        | 0.9076                 | 0.005702     | 641.83 | -240179.250598 |
| XTZUSDT       | 0.0005917     | 0.00153     | 0.03547      | 89.58         | 0.01226      | 0.01055     | 0.02986        | 0.95                   | 0.002737     | 790.96 | -240179.250592 |
| ZENUSDT       | 0.0005784     | 0.001785    | 0.02996      | 82.0          | 0.01416      | 0.01245     | 0.03625        | 0.9208                 | 0.002468     | 790.96 | -240179.250578 |
| BALUSDT       | 0.000576      | 0.0008254   | 0.01695      | 92.57         | 0.01351      | 0.01158     | 0.01452        | 0.9235                 | 0.00205      | 790.96 | -240179.250576 |
| STMXUSDT      | 0.0005762     | 0.001015    | 0.05498      | 95.12         | 0.01702      | 0.01971     | 0.05601        | 0.8805                 | 0.00707      | 790.96 | -240179.250576 |
| ZILUSDT       | 0.0005519     | 0.00097     | 0.01747      | 83.73         | 0.01294      | 0.01062     | 0.09863        | 0.972                  | 0.001014     | 790.96 | -240179.250552 |
| BATUSDT       | 0.0005473     | 0.001065    | 0.06863      | 94.23         | 0.01528      | 0.01381     | 0.05004        | 0.892                  | 0.005714     | 790.96 | -240179.250547 |
| LITUSDT       | 0.0005292     | 0.0008718   | 0.02813      | 89.2          | 0.01645      | 0.013       | 0.01284        | 0.9554                 | 0.001914     | 790.96 | -240179.250529 |
| CTSIUSDT      | 0.0005048     | 0.0005178   | 0.0174       | 92.47         | 0.01555      | 0.01175     | 0.007895       | 0.9516                 | 0.001538     | 612.83 | -240179.250505 |
| CRVUSDT       | 0.0004954     | 0.00163     | 0.03389      | 87.67         | 0.01859      | 0.01695     | 0.03932        | 0.9113                 | 0.004322     | 790.96 | -240179.250495 |
| KNCUSDT       | 0.0004812     | 0.0008258   | 0.03335      | 95.5          | 0.01641      | 0.01552     | 0.04884        | 0.9331                 | 0.00265      | 790.96 | -240179.250481 |
| TLMUSDT       | 0.000473      | 0.0003811   | 0.03253      | 73.8          | 0.01381      | 0.01065     | 0.02812        | 0.9831                 | 0.00158      | 92.46  | -240179.250473 |
| ENSUSDT       | 0.0004646     | 0.001211    | 0.06963      | 63.12         | 0.01397      | 0.01308     | 0.0491         | 0.9326                 | 0.005141     | 577.83 | -240179.250465 |
| IDEXUSDT      | 0.000465      | 0.000591    | 0.03189      | 49.75         | 0.01602      | 0.01196     | 0.0            | 0.987                  | 0.001457     | 58.46  | -240179.250465 |
| RENUSDT       | 0.0004584     | 0.0005907   | 0.03431      | 61.6          | 0.01517      | 0.01926     | 0.01809        | 0.8914                 | 0.00549      | 790.96 | -240179.250458 |
| DYDXUSDT      | 0.0004468     | 0.0008767   | 0.03432      | 73.7          | 0.01546      | 0.01537     | 0.08928        | 0.91                   | 0.00566      | 658.83 | -240179.250447 |
| DENTUSDT      | 0.000436      | 0.001127    | 0.03388      | 78.45         | 0.01426      | 0.01114     | 0.04285        | 0.9396                 | 0.002046     | 790.96 | -240179.250436 |
| GALUSDT       | 0.0004329     | 0.0009861   | 0.039        | 84.37         | 0.01537      | 0.01275     | 0.0512         | 0.9233                 | 0.004065     | 421.38 | -240179.250433 |
| DASHUSDT      | 0.0004244     | 0.0006567   | 0.05069      | 85.02         | 0.01673      | 0.01556     | 0.0            | 0.9073                 | 0.005086     | 790.96 | -240179.250424 |
| BNXUSDT       | 0.0004204     | 0.0005708   | 0.03058      | 73.37         | 0.013        | 0.01148     | 0.0            | 0.9738                 | 0.002557     | 128.38 | -240179.25042  |
| AXSUSDT       | 0.0004071     | 0.001539    | 0.04937      | 94.07         | 0.01746      | 0.01996     | 0.03546        | 0.8979                 | 0.006538     | 790.96 | -240179.250407 |
| EOSUSDT       | 0.000398      | 0.000633    | 0.03098      | 91.45         | 0.01379      | 0.01166     | 0.0            | 0.9667                 | 0.001541     | 790.96 | -240179.250398 |
| LUNA2USDT     | 0.0003939     | 0.000488    | 0.01956      | 89.25         | 0.01253      | 0.01225     | 0.0            | 0.9602                 | 0.002347     | 293.83 | -240179.250394 |
| STORJUSDT     | 0.0003828     | 0.0005754   | 0.02284      | 87.95         | 0.01321      | 0.01305     | 0.06603        | 0.9233                 | 0.003832     | 790.96 | -240179.250383 |
| APEUSDT       | 0.0003657     | 0.0006244   | 0.01434      | 88.2          | 0.01297      | 0.01046     | 0.0            | 0.9871                 | 0.0005749    | 470.33 | -240179.250366 |
| DUSKUSDT      | 0.0003589     | 0.0004984   | 0.02303      | 86.18         | 0.01638      | 0.01197     | 0.0            | 0.9792                 | 0.001148     | 539.83 | -240179.250359 |
| TRXUSDT       | 0.0003336     | 0.001502    | 0.03098      | 94.0          | 0.008298     | 0.01026     | 0.02763        | 0.9151                 | 0.003729     | 790.96 | -240179.250334 |
| KAVAUSDT      | 0.0003317     | 0.0006315   | 0.03157      | 78.48         | 0.01662      | 0.01538     | 0.08546        | 0.9153                 | 0.004689     | 790.96 | -240179.250332 |
| ARUSDT        | 0.0003173     | 0.001092    | 0.04829      | 72.63         | 0.01293      | 0.01447     | 0.05461        | 0.9141                 | 0.004659     | 640.83 | -240179.250317 |
| KSMUSDT       | 0.0002987     | 0.0008982   | 0.03208      | 75.07         | 0.01687      | 0.01324     | 0.08717        | 0.927                  | 0.002576     | 790.96 | -240179.250299 |
| PEOPLEUSDT    | 0.0002544     | 0.0004402   | 0.01337      | 93.33         | 0.0164       | 0.01362     | 0.0            | 0.9718                 | 0.001256     | 553.79 | -240179.250254 |
| JOEUSDT       | 0.0002475     | 0.0005059   | 0.02347      | 53.98         | 0.01689      | 0.01294     | 0.0            | 0.9671                 | 0.002491     | 93.46  | -240179.250247 |
| WOOUSDT       | 0.0002431     | 0.000368    | 0.01647      | 64.33         | 0.01486      | 0.01098     | 0.01678        | 0.9724                 | 0.001391     | 448.83 | -240179.250243 |
| FLMUSDT       | 0.0002397     | 0.0003606   | 0.0129       | 85.85         | 0.0178       | 0.01394     | 0.0            | 0.967                  | 0.001131     | 790.96 | -240179.25024  |
| 1000XECUSDT   | 0.0001737     | 0.0003069   | 0.01269      | 83.22         | 0.01457      | 0.01111     | 0.005778       | 0.9668                 | 0.001107     | 651.83 | -240179.250174 |
| USDCUSDT      | 7.733e-08     | 7.733e-07   | 0.01057      | 56.05         | 0.001878     | 0.0008856   | 0.0            | 1.0                    | 7.055e-06    | 110.25 | -240179.25     |
| C98USDT       | 4.899e-05     | 0.0007269   | 0.03334      | 93.23         | 0.01913      | 0.02133     | 0.09163        | 0.9025                 | 0.006945     | 675.83 | -240165.964718 |
| TUSDT         | 0.0002983     | 0.0003244   | 0.02028      | 96.3          | 0.0161       | 0.01169     | 0.0            | 0.9885                 | 0.0008267    | 149.42 | -240149.250298 |
| LPTUSDT       | 0.0001979     | 0.0003224   | 0.0256       | 71.32         | 0.01557      | 0.01243     | 0.1011         | 0.9516                 | 0.002851     | 596.83 | -240070.865003 |
| API3USDT      | 1.83e-05      | 0.0007982   | 0.05642      | 91.12         | 0.01753      | 0.0166      | 0.1019         | 0.929                  | 0.005794     | 493.83 | -239990.604263 |
| ANTUSDT       | 0.0002828     | 0.0004778   | 0.01789      | 104.1         | 0.01583      | 0.01183     | 0.0            | 0.9575                 | 0.001412     | 550.79 | -239370.916949 |
| DARUSDT       | 8.468e-05     | 0.000892    | 0.01998      | 104.1         | 0.01271      | 0.01148     | 0.08132        | 0.9447                 | 0.002903     | 427.83 | -239369.250085 |
| ROSEUSDT      | 0.0003807     | 0.0005129   | 0.02568      | 105.2         | 0.01612      | 0.01475     | 0.08447        | 0.9275                 | 0.004332     | 546.83 | -239254.250381 |
| APTUSDT       | 0.0006282     | 0.0009163   | 0.04958      | 111.5         | 0.01524      | 0.01338     | 0.01307        | 0.9384                 | 0.004412     | 254.88 | -238625.917295 |
| MASKUSDT      | 0.0003226     | 0.0004311   | 0.02115      | 92.55         | 0.01942      | 0.01656     | 0.1222         | 0.9531                 | 0.00242      | 672.83 | -237956.826701 |
| JASMYUSDT     | 0.0004528     | 0.0006026   | 0.01732      | 118.5         | 0.01481      | 0.01149     | 0.0            | 0.9697                 | 0.001214     | 436.83 | -237925.917119 |
| TRBUSDT       | 0.0002811     | 0.0005246   | 0.02642      | 113.4         | 0.01735      | 0.01601     | 0.1183         | 0.9308                 | 0.003405     | 790.96 | -236612.445217 |
| FLOWUSDT      | 0.0001982     | 0.0002462   | 0.01745      | 160.2         | 0.01903      | 0.01436     | 0.0            | 0.9835                 | 0.001112     | 505.83 | -233755.916865 |
| IOTXUSDT      | 0.0002459     | 0.0006982   | 0.05784      | 74.03         | 0.01835      | 0.01785     | 0.1671         | 0.9178                 | 0.006553     | 687.83 | -233465.586192 |
| GMTUSDT       | 0.0003142     | 0.000638    | 0.03257      | 92.6          | 0.01596      | 0.01236     | 0.2068         | 0.9605                 | 0.00254      | 472.79 | -229498.963787 |
| GTCUSDT       | 0.0006785     | 0.0009901   | 0.06145      | 167.4         | 0.01937      | 0.02197     | 0.1443         | 0.8786                 | 0.008823     | 749.83 | -228586.283736 |
| BAKEUSDT      | -0.0001303    | 0.000362    | 0.02905      | 83.05         | 0.01616      | 0.01222     | 0.4012         | 0.9453                 | 0.00248      | 772.67 | -210058.916718 |
| KLAYUSDT      | 0.000855      | 8.459e-05   | 0.1859       | 108.2         | 0.02875      | 0.06872     | 0.9121         | 0.7485                 | 0.02616      | 626.83 | -145617.349822 |
+---------------+---------------+-------------+--------------+---------------+--------------+-------------+----------------+------------------------+--------------+--------+----------------+

+--------------------------------------------------------------------------------------------------------------------------------------------------------------------------------------------+
|                                                                                           short                                                                                            |
+---------------+---------------+-------------+--------------+---------------+--------------+-------------+----------------+------------------------+--------------+--------+----------------+
| symbol        | adg_w_per_exp | adg_per_exp | exp_rts_mean | hrs_stuck_max | pa_dist_mean | pa_dist_std | loss_profit_rt | eqbal_rt_10_worst_mean | eqbal_rt_std | n_days | score          |
+---------------+---------------+-------------+--------------+---------------+--------------+-------------+----------------+------------------------+--------------+--------+----------------+
| MAVUSDT       | 0.01206       | 0.007395    | 0.03689      | 4.333         | 0.01939      | 0.01526     | 0.0            | 0.9995                 | 0.0002799    | 1.46   | -230179.262055 |
| BLURUSDT      | 0.005302      | 0.00213     | 0.02656      | 50.35         | 0.01133      | 0.009459    | 0.0            | 0.9948                 | 0.0005071    | 63.46  | -230179.255302 |
| HIGHUSDT      | 0.004412      | 0.002887    | 0.04701      | 47.37         | 0.01083      | 0.01129     | 0.009292       | 0.9872                 | 0.0009205    | 143.88 | -230179.254412 |
| 1000FLOKIUSDT | 0.004174      | 0.002271    | 0.01897      | 42.17         | 0.006792     | 0.0063      | 0.0            | 0.9976                 | 0.0003614    | 55.29  | -230179.254174 |
| TRUUSDT       | 0.003824      | 0.002973    | 0.02609      | 80.7          | 0.008313     | 0.01748     | 0.05778        | 0.9646                 | 0.002443     | 115.46 | -230179.253824 |
| 1000PEPEUSDT  | 0.003764      | 0.003176    | 0.02349      | 58.52         | 0.01166      | 0.009796    | 0.0            | 0.9949                 | 0.0005539    | 56.29  | -230179.253764 |
| UMAUSDT       | 0.002918      | 0.001539    | 0.05254      | 84.4          | 0.01132      | 0.008738    | 0.0            | 0.9958                 | 0.0004995    | 51.46  | -230179.252918 |
| AMBUSDT       | 0.002853      | 0.00312     | 0.02774      | 74.58         | 0.006877     | 0.008024    | 0.0            | 0.9891                 | 0.0007988    | 92.46  | -230179.252853 |
| MINAUSDT      | 0.002777      | 0.002433    | 0.06394      | 94.05         | 0.009848     | 0.01271     | 0.01842        | 0.9835                 | 0.001675     | 143.5  | -230179.252777 |
| RDNTUSDT      | 0.002324      | 0.002365    | 0.05355      | 49.07         | 0.009163     | 0.006884    | 0.0            | 0.9967                 | 0.000341     | 86.46  | -230179.252324 |
| TOMOUSDT      | 0.002185      | 0.001076    | 0.03631      | 94.65         | 0.01704      | 0.01537     | 0.01866        | 0.9681                 | 0.001633     | 790.96 | -230179.252185 |
| KEYUSDT       | 0.002161      | 0.0044      | 0.06633      | 37.55         | 0.009301     | 0.01471     | 0.01358        | 0.9832                 | 0.002029     | 37.46  | -230179.252161 |
| COMBOUSDT     | 0.002048      | 0.002908    | 0.0523       | 58.73         | 0.01255      | 0.009027    | 0.0            | 0.9968                 | 0.0004855    | 28.46  | -230179.252048 |
| LQTYUSDT      | 0.002029      | 0.003079    | 0.03938      | 57.43         | 0.01261      | 0.009317    | 0.0            | 0.9964                 | 0.0003187    | 112.46 | -230179.252029 |
| AGIXUSDT      | 0.002003      | 0.002695    | 0.05473      | 46.2          | 0.009618     | 0.0085      | 0.0            | 0.9932                 | 0.000542     | 134.38 | -230179.252003 |
| BNXUSDT       | 0.001997      | 0.002788    | 0.02698      | 75.02         | 0.007216     | 0.007086    | 0.001314       | 0.9901                 | 0.0006512    | 128.38 | -230179.251997 |
| IDEXUSDT      | 0.001965      | 0.002127    | 0.05433      | 45.7          | 0.007758     | 0.007784    | 0.0            | 0.9929                 | 0.0007552    | 58.46  | -230179.251965 |
| OCEANUSDT     | 0.001901      | 0.002203    | 0.0735       | 70.22         | 0.01394      | 0.01651     | 0.09217        | 0.9658                 | 0.002486     | 790.96 | -230179.251901 |
| SSVUSDT       | 0.001882      | 0.002684    | 0.06874      | 83.55         | 0.009417     | 0.0107      | 0.01322        | 0.9881                 | 0.00135      | 126.46 | -230179.251882 |
| RADUSDT       | 0.001841      | 0.002473    | 0.04273      | 37.55         | 0.006136     | 0.005719    | 0.0            | 0.9966                 | 0.0004037    | 51.46  | -230179.251841 |
| ACHUSDT       | 0.001726      | 0.002947    | 0.03849      | 84.6          | 0.008672     | 0.007297    | 0.0001766      | 0.9932                 | 0.000497     | 128.38 | -230179.251726 |
| KAVAUSDT      | 0.001712      | 0.001715    | 0.06852      | 95.13         | 0.01712      | 0.01937     | 0.06657        | 0.9413                 | 0.002802     | 790.96 | -230179.251712 |
| JASMYUSDT     | 0.001695      | 0.0027      | 0.05676      | 64.62         | 0.007953     | 0.0101      | 0.01969        | 0.9723                 | 0.00142      | 436.83 | -230179.251695 |
| HOOKUSDT      | 0.001688      | 0.002707    | 0.07321      | 59.93         | 0.01229      | 0.01177     | 0.01804        | 0.9871                 | 0.001242     | 158.83 | -230179.251688 |
| EDUUSDT       | 0.001666      | 0.002089    | 0.0729       | 79.25         | 0.01767      | 0.0161      | 0.0            | 0.9907                 | 0.001063     | 61.46  | -230179.251666 |
| PHBUSDT       | 0.001622      | 0.001998    | 0.03802      | 81.9          | 0.0118       | 0.01185     | 0.01085        | 0.9821                 | 0.001329     | 134.38 | -230179.251622 |
| LEVERUSDT     | 0.001605      | 0.001685    | 0.02708      | 80.23         | 0.006334     | 0.005211    | 0.0            | 0.9955                 | 0.0003422    | 92.46  | -230179.251605 |
| ASTRUSDT      | 0.001569      | 0.001689    | 0.05349      | 82.9          | 0.009158     | 0.01233     | 0.04593        | 0.9811                 | 0.001658     | 136.88 | -230179.251569 |
| FETUSDT       | 0.001567      | 0.002409    | 0.0469       | 79.1          | 0.01352      | 0.01416     | 0.007107       | 0.9794                 | 0.001517     | 164.88 | -230179.251567 |
| LUNA2USDT     | 0.001536      | 0.002525    | 0.03057      | 67.07         | 0.006259     | 0.007434    | 0.0003605      | 0.9862                 | 0.0008211    | 293.83 | -230179.251536 |
| GALUSDT       | 0.001445      | 0.002999    | 0.07263      | 60.87         | 0.01134      | 0.01357     | 0.006064       | 0.9728                 | 0.001622     | 421.38 | -230179.251445 |
| HFTUSDT       | 0.001425      | 0.001286    | 0.04312      | 49.55         | 0.008886     | 0.006654    | 0.0            | 0.9964                 | 0.0003146    | 85.46  | -230179.251425 |
| FLMUSDT       | 0.00141       | 0.001057    | 0.04082      | 90.57         | 0.01957      | 0.0196      | 0.02233        | 0.9644                 | 0.001507     | 790.96 | -230179.25141  |
| OMGUSDT       | 0.001393      | 0.001441    | 0.05658      | 80.3          | 0.01134      | 0.01415     | 0.09117        | 0.9608                 | 0.002149     | 790.96 | -230179.251393 |
| GMXUSDT       | 0.00138       | 0.001124    | 0.05678      | 69.17         | 0.01334      | 0.01111     | 0.0            | 0.9955                 | 0.0004102    | 133.38 | -230179.25138  |
| MAGICUSDT     | 0.001357      | 0.002254    | 0.06789      | 93.32         | 0.01739      | 0.01724     | 0.02943        | 0.981                  | 0.001942     | 156.83 | -230179.251357 |
| RSRUSDT       | 0.001341      | 0.00216     | 0.06869      | 90.07         | 0.01549      | 0.01414     | 0.09424        | 0.9665                 | 0.001814     | 790.96 | -230179.251341 |
| IDUSDT        | 0.00133       | 0.001778    | 0.02824      | 59.95         | 0.01154      | 0.00978     | 0.0            | 0.9949                 | 0.0003914    | 99.38  | -230179.25133  |
| CHZUSDT       | 0.001304      | 0.002736    | 0.07258      | 63.33         | 0.008314     | 0.01193     | 0.04117        | 0.9681                 | 0.001733     | 790.96 | -230179.251304 |
| LITUSDT       | 0.001269      | 0.002059    | 0.07457      | 90.25         | 0.01682      | 0.01774     | 0.06929        | 0.9549                 | 0.002284     | 790.96 | -230179.251269 |
| CELRUSDT      | 0.001229      | 0.001983    | 0.04909      | 87.8          | 0.01294      | 0.01291     | 0.02182        | 0.973                  | 0.001477     | 790.96 | -230179.251229 |
| RENUSDT       | 0.001221      | 0.00143     | 0.03085      | 70.75         | 0.01463      | 0.01431     | 0.0653         | 0.9721                 | 0.001456     | 790.96 | -230179.251221 |
| NKNUSDT       | 0.001219      | 0.001781    | 0.06365      | 80.42         | 0.01518      | 0.01969     | 0.09247        | 0.9459                 | 0.002719     | 790.96 | -230179.251219 |
| 1000LUNCUSDT  | 0.001212      | 0.001714    | 0.04319      | 86.1          | 0.01035      | 0.01562     | 0.0474         | 0.963                  | 0.002385     | 294.42 | -230179.251212 |
| ZRXUSDT       | 0.001184      | 0.001613    | 0.06379      | 70.77         | 0.01396      | 0.01824     | 0.08315        | 0.9325                 | 0.002881     | 790.96 | -230179.251184 |
| ZENUSDT       | 0.001177      | 0.001928    | 0.07465      | 86.75         | 0.0129       | 0.01472     | 0.03057        | 0.9579                 | 0.001895     | 790.96 | -230179.251177 |
| MKRUSDT       | 0.001168      | 0.001439    | 0.06303      | 66.98         | 0.01063      | 0.01412     | 0.05386        | 0.9522                 | 0.00199      | 790.96 | -230179.251168 |
| NEOUSDT       | 0.001161      | 0.001274    | 0.07354      | 95.4          | 0.01481      | 0.01153     | 0.07055        | 0.9775                 | 0.001468     | 790.96 | -230179.251161 |
| FTMUSDT       | 0.001152      | 0.001996    | 0.05414      | 83.78         | 0.01691      | 0.01791     | 0.09713        | 0.9636                 | 0.002371     | 790.96 | -230179.251152 |
| TLMUSDT       | 0.001131      | 0.0008421   | 0.02299      | 72.5          | 0.006074     | 0.005104    | 0.0            | 0.9985                 | 0.000126     | 92.46  | -230179.251131 |
| TRBUSDT       | 0.001125      | 0.002122    | 0.04409      | 92.83         | 0.01843      | 0.01904     | 0.01605        | 0.9616                 | 0.002268     | 790.96 | -230179.251125 |
| REEFUSDT      | 0.001084      | 0.002037    | 0.07348      | 86.18         | 0.01285      | 0.01267     | 0.03185        | 0.9666                 | 0.00147      | 790.96 | -230179.251084 |
| CKBUSDT       | 0.001081      | 0.001648    | 0.04479      | 66.53         | 0.01159      | 0.00897     | 0.0            | 0.9959                 | 0.000366     | 122.46 | -230179.251081 |
| STMXUSDT      | 0.001077      | 0.001746    | 0.07225      | 95.78         | 0.01494      | 0.01671     | 0.05729        | 0.9547                 | 0.002401     | 790.96 | -230179.251077 |
| GRTUSDT       | 0.00107       | 0.001583    | 0.05851      | 90.55         | 0.0148       | 0.01404     | 0.02137        | 0.9825                 | 0.001191     | 790.96 | -230179.25107  |
| XEMUSDT       | 0.001058      | 0.001371    | 0.04656      | 85.37         | 0.01121      | 0.01228     | 0.05607        | 0.9669                 | 0.001617     | 790.96 | -230179.251058 |
| ANKRUSDT      | 0.001051      | 0.001566    | 0.05227      | 95.57         | 0.0139       | 0.01926     | 0.02988        | 0.9459                 | 0.002871     | 790.96 | -230179.251051 |
| ICPUSDT       | 0.001048      | 0.001358    | 0.05602      | 82.85         | 0.009342     | 0.007189    | 0.001296       | 0.9908                 | 0.0005603    | 276.88 | -230179.251048 |
| SPELLUSDT     | 0.001045      | 0.001663    | 0.04868      | 45.7          | 0.006718     | 0.00851     | 0.03584        | 0.9821                 | 0.001146     | 297.46 | -230179.251045 |
| SKLUSDT       | 0.001033      | 0.001865    | 0.05353      | 81.35         | 0.01461      | 0.01264     | 0.06244        | 0.9739                 | 0.001126     | 790.96 | -230179.251033 |
| OGNUSDT       | 0.001009      | 0.002198    | 0.05693      | 78.9          | 0.01227      | 0.01996     | 0.09038        | 0.9461                 | 0.003117     | 790.96 | -230179.251009 |
| STORJUSDT     | 0.0009957     | 0.001796    | 0.06582      | 94.98         | 0.01495      | 0.0169      | 0.07           | 0.959                  | 0.00235      | 790.96 | -230179.250996 |
| ONTUSDT       | 0.0009818     | 0.001161    | 0.06633      | 88.68         | 0.01262      | 0.013       | 0.03632        | 0.9798                 | 0.001466     | 790.96 | -230179.250982 |
| DGBUSDT       | 0.0009679     | 0.001864    | 0.07438      | 70.27         | 0.01021      | 0.0128      | 0.07308        | 0.9491                 | 0.001993     | 790.96 | -230179.250968 |
| RLCUSDT       | 0.0009633     | 0.001699    | 0.05953      | 89.2          | 0.01683      | 0.01313     | 0.02243        | 0.9769                 | 0.001314     | 790.96 | -230179.250963 |
| LDOUSDT       | 0.0009606     | 0.001438    | 0.0682       | 76.75         | 0.01647      | 0.01496     | 0.03011        | 0.978                  | 0.001603     | 281.46 | -230179.250961 |
| RNDRUSDT      | 0.0009575     | 0.0015      | 0.02597      | 22.87         | 0.01264      | 0.01074     | 0.05695        | 0.9875                 | 0.000827     | 147.88 | -230179.250957 |
| EOSUSDT       | 0.0009233     | 0.001396    | 0.07409      | 70.13         | 0.01115      | 0.01695     | 0.08136        | 0.9344                 | 0.002709     | 790.96 | -230179.250923 |
| LINKUSDT      | 0.0009202     | 0.001729    | 0.07442      | 87.92         | 0.01081      | 0.008741    | 0.05764        | 0.9833                 | 0.001002     | 790.96 | -230179.25092  |
| ENJUSDT       | 0.0008681     | 0.001577    | 0.07484      | 86.8          | 0.016        | 0.01742     | 0.09805        | 0.9686                 | 0.002656     | 790.96 | -230179.250868 |
| BLZUSDT       | 0.0008596     | 0.001552    | 0.05569      | 93.62         | 0.01787      | 0.01856     | 0.0584         | 0.9619                 | 0.002204     | 790.96 | -230179.25086  |
| ATOMUSDT      | 0.0008444     | 0.001971    | 0.07415      | 88.78         | 0.01293      | 0.01321     | 0.07572        | 0.9693                 | 0.001803     | 790.96 | -230179.250844 |
| FXSUSDT       | 0.0008246     | 0.001224    | 0.04851      | 94.85         | 0.01236      | 0.009834    | 0.03254        | 0.9897                 | 0.0008647    | 161.83 | -230179.250825 |
| COTIUSDT      | 0.0008194     | 0.00136     | 0.06046      | 90.03         | 0.01737      | 0.01956     | 0.082          | 0.9526                 | 0.002652     | 790.96 | -230179.250819 |
| HOTUSDT       | 0.0008167     | 0.001261    | 0.07171      | 94.75         | 0.0181       | 0.01763     | 0.07619        | 0.9745                 | 0.001496     | 790.96 | -230179.250817 |
| NEARUSDT      | 0.0008143     | 0.001605    | 0.07353      | 79.62         | 0.01796      | 0.01829     | 0.05227        | 0.9589                 | 0.002607     | 790.96 | -230179.250814 |
| ENSUSDT       | 0.00081       | 0.001731    | 0.04921      | 72.58         | 0.01271      | 0.01276     | 0.01144        | 0.9726                 | 0.001253     | 577.83 | -230179.25081  |
| ALGOUSDT      | 0.0008044     | 0.001559    | 0.07126      | 92.2          | 0.0132       | 0.01168     | 0.03041        | 0.9643                 | 0.001385     | 790.96 | -230179.250804 |
| DASHUSDT      | 0.0007964     | 0.00125     | 0.07442      | 92.73         | 0.01316      | 0.01235     | 0.05805        | 0.9768                 | 0.001418     | 790.96 | -230179.250796 |
| CFXUSDT       | 0.0007921     | 0.001205    | 0.02146      | 27.3          | 0.01227      | 0.01008     | 0.0            | 0.9965                 | 0.0002868    | 130.38 | -230179.250792 |
| DOGEUSDT      | 0.0007838     | 0.00143     | 0.03877      | 85.28         | 0.01013      | 0.01126     | 0.01352        | 0.9717                 | 0.001307     | 790.96 | -230179.250784 |
| IOSTUSDT      | 0.0007744     | 0.001296    | 0.05358      | 92.48         | 0.01229      | 0.01486     | 0.0712         | 0.9462                 | 0.002104     | 790.96 | -230179.250774 |
| SANDUSDT      | 0.000773      | 0.001749    | 0.04463      | 76.6          | 0.01595      | 0.01937     | 0.0547         | 0.9421                 | 0.002567     | 790.96 | -230179.250773 |
| ALPHAUSDT     | 0.0007703     | 0.0005243   | 0.02067      | 90.42         | 0.01894      | 0.01487     | 0.0174         | 0.9845                 | 0.0007033    | 790.96 | -230179.25077  |
| CTKUSDT       | 0.000766      | 0.00204     | 0.07436      | 95.62         | 0.01262      | 0.01784     | 0.038          | 0.9149                 | 0.003003     | 790.96 | -230179.250766 |
| ZECUSDT       | 0.0007644     | 0.001422    | 0.06802      | 94.63         | 0.01216      | 0.01184     | 0.02612        | 0.9771                 | 0.001309     | 790.96 | -230179.250764 |
| MANAUSDT      | 0.0007631     | 0.001467    | 0.05543      | 94.07         | 0.01568      | 0.01425     | 0.04924        | 0.9726                 | 0.001901     | 790.96 | -230179.250763 |
| ICXUSDT       | 0.0007607     | 0.0007373   | 0.04133      | 95.93         | 0.01832      | 0.01871     | 0.07477        | 0.9443                 | 0.001831     | 790.96 | -230179.250761 |
| THETAUSDT     | 0.0007501     | 0.001272    | 0.06674      | 78.18         | 0.01722      | 0.01828     | 0.08698        | 0.9641                 | 0.002431     | 790.96 | -230179.25075  |
| JOEUSDT       | 0.0007301     | 0.0006456   | 0.02852      | 53.43         | 0.01657      | 0.014       | 0.08878        | 0.9975                 | 0.0003102    | 93.46  | -230179.25073  |
| TUSDT         | 0.0007281     | 0.0005796   | 0.01704      | 77.78         | 0.01227      | 0.009502    | 0.0            | 0.9989                 | 9.895e-05    | 149.42 | -230179.250728 |
| ONEUSDT       | 0.0007177     | 0.001334    | 0.05142      | 92.85         | 0.01569      | 0.01276     | 0.08489        | 0.9717                 | 0.00128      | 790.96 | -230179.250718 |
| XRPUSDT       | 0.0007039     | 0.0009485   | 0.05113      | 87.55         | 0.01021      | 0.01217     | 0.07144        | 0.9725                 | 0.001548     | 790.96 | -230179.250704 |
| BELUSDT       | 0.0006939     | 0.0008545   | 0.04048      | 91.7          | 0.01957      | 0.0195      | 0.02851        | 0.9367                 | 0.0022       | 790.96 | -230179.250694 |
| SUSHIUSDT     | 0.0006894     | 0.001433    | 0.05785      | 84.72         | 0.01683      | 0.01466     | 0.05748        | 0.9701                 | 0.001508     | 790.96 | -230179.250689 |
| 1INCHUSDT     | 0.0006861     | 0.001196    | 0.07462      | 94.18         | 0.01581      | 0.01497     | 0.04409        | 0.9525                 | 0.001999     | 790.96 | -230179.250686 |
| QTUMUSDT      | 0.0006737     | 0.001076    | 0.04822      | 84.77         | 0.01517      | 0.01409     | 0.05431        | 0.9621                 | 0.001621     | 790.96 | -230179.250674 |
| IOTAUSDT      | 0.0006604     | 0.001074    | 0.04609      | 94.15         | 0.01486      | 0.01395     | 0.03999        | 0.972                  | 0.001452     | 790.96 | -230179.25066  |
| HBARUSDT      | 0.0006556     | 0.001303    | 0.04651      | 92.52         | 0.01037      | 0.0156      | 0.09191        | 0.9645                 | 0.001909     | 790.96 | -230179.250656 |
| CHRUSDT       | 0.0006339     | 0.001648    | 0.06663      | 83.45         | 0.01549      | 0.01917     | 0.07367        | 0.9348                 | 0.002712     | 790.96 | -230179.250634 |
| CELOUSDT      | 0.0006306     | 0.001203    | 0.06756      | 88.48         | 0.01312      | 0.01581     | 0.08121        | 0.9707                 | 0.002105     | 641.83 | -230179.250631 |
| XLMUSDT       | 0.0006262     | 0.001272    | 0.05705      | 82.53         | 0.009353     | 0.01248     | 0.0868         | 0.9714                 | 0.001704     | 790.96 | -230179.250626 |
| XTZUSDT       | 0.0006174     | 0.001191    | 0.06427      | 85.2          | 0.01326      | 0.01068     | 0.04766        | 0.9784                 | 0.001079     | 790.96 | -230179.250617 |
| APEUSDT       | 0.0005844     | 0.001364    | 0.04584      | 63.48         | 0.01255      | 0.01355     | 0.07202        | 0.9667                 | 0.00171      | 470.33 | -230179.250584 |
| VETUSDT       | 0.0005826     | 0.0009877   | 0.03972      | 83.38         | 0.01364      | 0.01197     | 0.02332        | 0.9813                 | 0.001178     | 790.96 | -230179.250583 |
| ROSEUSDT      | 0.0005744     | 0.0009751   | 0.03165      | 83.82         | 0.01362      | 0.01203     | 0.05148        | 0.9827                 | 0.0009701    | 546.83 | -230179.250574 |
| BALUSDT       | 0.0005729     | 0.0009123   | 0.05976      | 95.93         | 0.01771      | 0.01963     | 0.03941        | 0.9664                 | 0.002632     | 790.96 | -230179.250573 |
| ADAUSDT       | 0.0005557     | 0.0008643   | 0.0454       | 94.73         | 0.01207      | 0.0126      | 0.05158        | 0.9633                 | 0.00151      | 790.96 | -230179.250556 |
| ALICEUSDT     | 0.0005428     | 0.001044    | 0.05347      | 89.87         | 0.01937      | 0.01923     | 0.07248        | 0.9525                 | 0.002284     | 790.96 | -230179.250543 |
| ANTUSDT       | 0.0005384     | 0.0008563   | 0.02414      | 70.18         | 0.01532      | 0.01175     | 0.0006257      | 0.9874                 | 0.0004691    | 550.79 | -230179.250538 |
| COMPUSDT      | 0.0005173     | 0.0006017   | 0.04282      | 86.82         | 0.01968      | 0.01929     | 0.05455        | 0.9718                 | 0.001942     | 790.96 | -230179.250517 |
| WOOUSDT       | 0.0005019     | 0.001216    | 0.06129      | 71.72         | 0.0167       | 0.01812     | 0.04787        | 0.9742                 | 0.00238      | 448.83 | -230179.250502 |
| C98USDT       | 0.0004958     | 0.0009159   | 0.05566      | 93.78         | 0.01878      | 0.01818     | 0.05063        | 0.9719                 | 0.002017     | 675.83 | -230179.250496 |
| 1000XECUSDT   | 0.0004889     | 0.0009749   | 0.03105      | 87.02         | 0.01129      | 0.01667     | 0.009107       | 0.911                  | 0.002873     | 651.83 | -230179.250489 |
| FILUSDT       | 0.0004754     | 0.0006252   | 0.03216      | 94.43         | 0.01841      | 0.01815     | 0.07091        | 0.9715                 | 0.00164      | 790.96 | -230179.250475 |
| ARBUSDT       | 0.000452      | 0.0005029   | 0.02759      | 49.3          | 0.01219      | 0.01006     | 0.01914        | 0.9975                 | 0.0002405    | 99.33  | -230179.250452 |
| CRVUSDT       | 0.0004519     | 0.0007996   | 0.03882      | 95.03         | 0.0156       | 0.01631     | 0.09533        | 0.9617                 | 0.002159     | 790.96 | -230179.250452 |
| BATUSDT       | 0.0004513     | 0.0008072   | 0.02995      | 84.55         | 0.0141       | 0.01133     | 0.09422        | 0.9759                 | 0.0008203    | 790.96 | -230179.250451 |
| INJUSDT       | 0.0004391     | 0.0005806   | 0.03638      | 44.43         | 0.01242      | 0.009149    | 0.02364        | 0.9882                 | 0.0006872    | 317.88 | -230179.250439 |
| UNIUSDT       | 0.0004307     | 0.00103     | 0.07277      | 77.8          | 0.01592      | 0.01322     | 0.09725        | 0.9806                 | 0.00135      | 790.96 | -230179.250431 |
| DOTUSDT       | 0.0004093     | 0.0008084   | 0.05872      | 81.15         | 0.01399      | 0.01399     | 0.0772         | 0.9691                 | 0.001741     | 790.96 | -230179.250409 |
| BAKEUSDT      | 0.0003687     | 0.0007905   | 0.02739      | 79.88         | 0.01617      | 0.01499     | 0.02441        | 0.9637                 | 0.001477     | 772.67 | -230179.250369 |
| XMRUSDT       | 0.0003363     | 0.0007267   | 0.07334      | 88.75         | 0.01465      | 0.01364     | 0.04401        | 0.9792                 | 0.001601     | 790.96 | -230179.250336 |
| MATICUSDT     | 0.0003334     | 0.0007625   | 0.03537      | 82.82         | 0.0181       | 0.01569     | 0.02438        | 0.9568                 | 0.001458     | 790.96 | -230179.250333 |
| KNCUSDT       | 0.0003295     | 0.0005676   | 0.03792      | 88.35         | 0.01994      | 0.018       | 0.0675         | 0.9599                 | 0.001732     | 790.96 | -230179.25033  |
| YFIUSDT       | 0.0003266     | 0.0011      | 0.05589      | 75.23         | 0.01917      | 0.01577     | 0.05839        | 0.9604                 | 0.001496     | 790.96 | -230179.250327 |
| DENTUSDT      | 0.0002949     | 0.0005285   | 0.03531      | 81.43         | 0.01625      | 0.01843     | 0.03711        | 0.9689                 | 0.001634     | 790.96 | -230179.250295 |
| PEOPLEUSDT    | 0.0002715     | 0.0007233   | 0.01435      | 88.17         | 0.01643      | 0.01426     | 0.0            | 0.9789                 | 0.0006954    | 553.79 | -230179.250271 |
| EGLDUSDT      | 0.0002575     | 0.0007923   | 0.04242      | 89.8          | 0.01995      | 0.01661     | 0.02072        | 0.9807                 | 0.001156     | 790.96 | -230179.250257 |
| API3USDT      | 0.0002077     | 0.0004687   | 0.02846      | 92.05         | 0.01478      | 0.01561     | 0.0            | 0.985                  | 0.0008985    | 493.83 | -230179.250208 |
| DARUSDT       | 0.0001985     | 0.0004485   | 0.02662      | 78.6          | 0.01403      | 0.01426     | 0.004182       | 0.9854                 | 0.0008453    | 427.83 | -230179.250198 |
| FLOWUSDT      | 1.28e-05      | 0.0007962   | 0.03253      | 73.07         | 0.01169      | 0.011       | 0.09092        | 0.9733                 | 0.001084     | 505.83 | -230179.250013 |
| USDCUSDT      | 7.592e-08     | 7.592e-07   | 0.02617      | 0.3           | 0.01483      | 0.001234    | 0.0            | 0.9999                 | 6.998e-06    | 110.25 | -230179.25     |
| SNXUSDT       | 0.0003254     | 0.000381    | 0.02112      | 87.4          | 0.02059      | 0.01609     | 0.06571        | 0.9878                 | 0.0005387    | 790.96 | -230178.664588 |
| MTLUSDT       | 0.0004199     | 0.0004812   | 0.02848      | 87.55         | 0.02069      | 0.01825     | 0.06373        | 0.9622                 | 0.001518     | 790.96 | -230178.559436 |
| LINAUSDT      | 0.0008123     | 0.00046     | 0.0262       | 86.85         | 0.02299      | 0.02114     | 0.07585        | 0.9486                 | 0.002238     | 790.96 | -230164.898127 |
| LPTUSDT       | 0.0002481     | 0.0003913   | 0.04515      | 88.55         | 0.02024      | 0.02266     | 0.04565        | 0.954                  | 0.002292     | 596.83 | -230152.374496 |
| IMXUSDT       | 0.0002582     | 0.0005052   | 0.03986      | 74.12         | 0.01924      | 0.02312     | 0.04788        | 0.9607                 | 0.002352     | 504.83 | -230148.080825 |
| SFPUSDT       | 0.0001741     | 0.0002508   | 0.02341      | 93.47         | 0.03048      | 0.02885     | 0.0            | 0.9162                 | 0.002871     | 790.96 | -230080.249439 |
| QNTUSDT       | 0.0006233     | 0.001188    | 0.09371      | 97.52         | 0.01401      | 0.01339     | 0.05838        | 0.9885                 | 0.001407     | 253.88 | -230027.396807 |
| GTCUSDT       | 0.0004593     | 0.0009333   | 0.04641      | 101.8         | 0.02092      | 0.02382     | 0.08473        | 0.9207                 | 0.003167     | 749.83 | -229563.486361 |
| GMTUSDT       | 0.0002549     | 0.0009298   | 0.0167       | 104.0         | 0.01762      | 0.01473     | 0.001553       | 0.9923                 | 0.0004241    | 472.79 | -229377.583588 |
| STGUSDT       | 0.000287      | 0.0006928   | 0.02732      | 104.9         | 0.01408      | 0.01057     | 0.02324        | 0.9948                 | 0.0003119    | 309.46 | -229290.916954 |
| CTSIUSDT      | 0.0003923     | 0.0004657   | 0.03823      | 108.0         | 0.0188       | 0.02037     | 0.01272        | 0.9771                 | 0.001381     | 612.83 | -228975.544273 |
| DYDXUSDT      | 0.0002068     | 0.0003783   | 0.02216      | 110.6         | 0.02379      | 0.02021     | 0.00496        | 0.9927                 | 0.0005081    | 658.83 | -228716.662478 |
| AUDIOUSDT     | 0.000347      | 0.0005749   | 0.04025      | 110.9         | 0.02294      | 0.02145     | 0.03179        | 0.9641                 | 0.002309     | 680.83 | -228670.193361 |
| CVXUSDT       | 0.0006358     | 0.001316    | 0.06774      | 113.1         | 0.0149       | 0.0116      | 0.02174        | 0.9865                 | 0.0009396    | 281.46 | -228465.917302 |
| TRXUSDT       | 9.807e-05     | 0.000227    | 0.0375       | 118.2         | 0.01344      | 0.009529    | 0.0            | 0.9889                 | 0.0006661    | 790.96 | -227954.250098 |
| STXUSDT       | 0.0001351     | 0.0005791   | 0.05346      | 72.6          | 0.02375      | 0.02309     | 0.1219         | 0.9746                 | 0.002474     | 129.38 | -227950.947854 |
| ARPAUSDT      | 0.0008439     | 0.000773    | 0.01842      | 126.6         | 0.01434      | 0.01111     | 0.001428       | 0.9852                 | 0.0005214    | 619.83 | -227120.917511 |
| KSMUSDT       | 0.000247      | 0.0009876   | 0.09031      | 129.6         | 0.03369      | 0.02987     | 0.09557        | 0.9366                 | 0.003779     | 790.96 | -226706.754969 |
| DUSKUSDT      | 0.0006683     | 0.001112    | 0.02718      | 139.5         | 0.01682      | 0.01291     | 0.009951       | 0.9783                 | 0.0009541    | 539.83 | -225830.917335 |
| ETCUSDT       | 0.0002912     | 0.0006385   | 0.02914      | 99.4          | 0.01353      | 0.01101     | 0.1468         | 0.9776                 | 0.0008399    | 790.96 | -225157.07527  |
| IOTXUSDT      | 0.0001127     | 0.000231    | 0.02558      | 151.3         | 0.0328       | 0.0293      | 0.0            | 0.9604                 | 0.001597     | 687.83 | -224543.438919 |
| ARUSDT        | 0.0002805     | 0.0005357   | 0.03934      | 93.2          | 0.01968      | 0.02109     | 0.1654         | 0.95                   | 0.002448     | 640.83 | -223630.964255 |
| SXPUSDT       | 0.0002142     | 0.0009194   | 0.1041       | 142.7         | 0.02452      | 0.02099     | 0.1816         | 0.9674                 | 0.002578     | 790.96 | -217331.695999 |
| RVNUSDT       | 0.0001953     | 0.0003312   | 0.02441      | 122.7         | 0.01677      | 0.01601     | 0.202          | 0.9752                 | 0.0009077    | 790.96 | -217307.453218 |
| BANDUSDT      | 0.002146      | 0.002964    | 0.1568       | 81.97         | 0.02071      | 0.04696     | 0.256          | 0.7619                 | 0.0135       | 790.96 | -214310.406286 |
| KLAYUSDT      | 0.0001963     | 0.000241    | 0.04547      | 206.9         | 0.02319      | 0.02139     | 0.1759         | 0.9565                 | 0.002249     | 626.83 | -211486.355663 |
| AAVEUSDT      | 0.0004631     | 0.001209    | 0.1766       | 301.9         | 0.05329      | 0.0492      | 0.09655        | 0.9021                 | 0.009916     | 790.96 | -209257.907572 |
| RUNEUSDT      | 0.0003709     | 0.0009945   | 0.1361       | 185.9         | 0.03626      | 0.03304     | 0.313          | 0.9515                 | 0.004339     | 790.96 | -199740.326901 |
| SOLUSDT       | 0.001401      | 0.004       | 0.2647       | 76.77         | 0.01977      | 0.01648     | 0.4597         | 0.9616                 | 0.002834     | 790.96 | -194210.723779 |
| MASKUSDT      | 0.0002023     | 0.0002326   | 0.04167      | 165.9         | 0.03144      | 0.04755     | 0.4387         | 0.848                  | 0.008625     | 672.83 | -189025.998481 |
| AVAXUSDT      | 0.0007283     | 0.001264    | 0.1933       | 95.93         | 0.02593      | 0.02389     | 0.5477         | 0.9361                 | 0.003583     | 790.96 | -185363.817059 |
| OPUSDT        | 0.0003087     | 0.0006152   | 0.08783      | 356.8         | 0.03136      | 0.03776     | 0.3273         | 0.9398                 | 0.005472     | 394.38 | -181174.878518 |
| APTUSDT       | 0.0007898     | 0.0002704   | 0.04938      | 85.08         | 0.01834      | 0.03336     | 0.7765         | 0.9312                 | 0.005058     | 254.88 | -162393.096761 |
| WAVESUSDT     | -0.001268     | 0.0007885   | 0.2101       | 48.17         | 0.01049      | 0.01997     | 0.8791         | 0.8756                 | 0.004885     | 790.96 | -152270.390349 |
| ZILUSDT       | 0.0002535     | 0.0004947   | 0.6474       | 67.92         | 0.0109       | 0.01006     | 0.9453         | 0.9473                 | 0.002168     | 790.96 | -145645.575951 |
| AXSUSDT       | 0.0001968     | -0.001137   | 0.3466       | 85.2          | 0.008316     | 0.01327     | 0.9589         | 0.9671                 | 0.002155     | 790.96 | -144288.798448 |
| LRCUSDT       | 0.0007405     | 0.0001285   | 0.1136       | 176.3         | 0.02361      | 0.02342     | 0.9167         | 0.9356                 | 0.003425     | 790.96 | -140439.619606 |
| GALAUSDT      | -0.0004027    | -0.004298   | 0.6271       | 82.23         | 0.01075      | 0.01183     | 1.066          | 0.9504                 | 0.002545     | 650.83 | -133578.107248 |
| UNFIUSDT      | -0.02701      | -0.0962     | 0.3545       | 15.1          | 0.006307     | 0.01043     | 1.115          | 0.938                  | 0.001774     | 790.96 | -128682.179242 |
+---------------+---------------+-------------+--------------+---------------+--------------+-------------+----------------+------------------------+--------------+--------+----------------+

