+--------------------------------------------------------------------------------------------------------------------------------------------------------------------------------------------+
|                                                                                            long                                                                                            |
+-----------+---------------+-------------+--------------+-----------------+---------------+--------------+-------------+-------------------------+----------------+---------+---------------+
| symbol    | adg_w_per_exp | adg_per_exp | exp_rts_mean | time_at_max_exp | hrs_stuck_max | pa_dist_mean | pa_dist_std | pa_dist_1pct_worst_mean | loss_profit_rt | n_days  | score         |
+-----------+---------------+-------------+--------------+-----------------+---------------+--------------+-------------+-------------------------+----------------+---------+---------------+
| HBARUSDT  | 0.001504      | 0.001937    | 0.113        | 0.02016         | 117.6         | 0.01092      | 0.01112     | 0.08452                 | 0.09698        | 729.67  | 1297211.4985  |
| DOGEUSDT  | 0.001422      | 0.00286     | 0.09646      | 0.06422         | 116.9         | 0.009216     | 0.0148      | 0.099                   | 0.09367        | 874.54  | 1297211.49858 |
| ATOMUSDT  | 0.0009254     | 0.001837    | 0.07985      | 0.04526         | 119.6         | 0.01147      | 0.01553     | 0.09421                 | 0.09693        | 743.83  | 1297211.49907 |
| THETAUSDT | 0.0009059     | 0.000947    | 0.0425       | 0.008222        | 143.7         | 0.01409      | 0.01259     | 0.06195                 | 0.00692        | 785.42  | 1297211.49909 |
| 1INCHUSDT | 0.0008782     | 0.0006755   | 0.02926      | 0.005817        | 139.9         | 0.01438      | 0.01146     | 0.04596                 | 0.06413        | 687.58  | 1297211.49912 |
| VETUSDT   | 0.0008028     | 0.001527    | 0.0771       | 0.04055         | 124.1         | 0.008636     | 0.0132      | 0.07649                 | 0.08701        | 730.66  | 1297211.4992  |
| SANDUSDT  | 0.0006893     | 0.001613    | 0.04239      | 0.01451         | 143.2         | 0.01336      | 0.01163     | 0.05116                 | 0.02553        | 723.58  | 1297211.49931 |
| ANKRUSDT  | 0.0006696     | 0.001058    | 0.05225      | 0.02432         | 132.1         | 0.01322      | 0.01229     | 0.05991                 | 0.09036        | 700.66  | 1297211.49933 |
| CELRUSDT  | 0.0006255     | 0.001292    | 0.08923      | 0.02039         | 136.1         | 0.01553      | 0.01272     | 0.07736                 | 0.05852        | 729.66  | 1297211.49937 |
| DOTUSDT   | 0.0006016     | 0.001492    | 0.08595      | 0.02307         | 101.3         | 0.01201      | 0.01736     | 0.1003                  | 0.09622        | 951.58  | 1297211.4994  |
| SKLUSDT   | 0.0005505     | 0.0009421   | 0.08615      | 0.003582        | 115.1         | 0.0179       | 0.01787     | 0.1009                  | 0.05599        | 581.58  | 1297211.49945 |
| LINKUSDT  | 0.0005208     | 0.001275    | 0.03528      | 0.008639        | 132.6         | 0.01243      | 0.01449     | 0.06754                 | 0.06162        | 1099.58 | 1297211.49948 |
| NEARUSDT  | 0.0004765     | 0.0003901   | 0.01594      | 0.001344        | 90.12         | 0.01259      | 0.01043     | 0.05363                 | 0.01598        | 743.79  | 1297211.49952 |
| MATICUSDT | 0.0004683     | 0.001006    | 0.03885      | 0.009437        | 138.3         | 0.0121       | 0.01212     | 0.06888                 | 0.08631        | 847.71  | 1297211.49953 |
| SOLUSDT   | 0.0006591     | 0.001482    | 0.156        | 0.003047        | 393.8         | 0.04992      | 0.04309     | 0.211                   | 0.1004         | 847.67  | 1613977.44569 |
+-----------+---------------+-------------+--------------+-----------------+---------------+--------------+-------------+-------------------------+----------------+---------+---------------+

+------------------------------------------------------------------------------------------------------------------------------------------------------------------------------------------+
|                                                                                          short                                                                                           |
+-----------+---------------+-------------+--------------+-----------------+---------------+--------------+-------------+-------------------------+----------------+---------+-------------+
| symbol    | adg_w_per_exp | adg_per_exp | exp_rts_mean | time_at_max_exp | hrs_stuck_max | pa_dist_mean | pa_dist_std | pa_dist_1pct_worst_mean | loss_profit_rt | n_days  | score       |
+-----------+---------------+-------------+--------------+-----------------+---------------+--------------+-------------+-------------------------+----------------+---------+-------------+
| ANKRUSDT  | 0.0           | 0.0         | 0.0          | 0.0             | nan           | 100.0        | 1.0         | 100.0                   | 1.0            | 700.66  | 111244011.5 |
| DOTUSDT   | 0.0           | 0.0         | 0.0          | 0.0             | nan           | 100.0        | 1.0         | 100.0                   | 1.0            | 951.58  | 111244011.5 |
| MATICUSDT | 0.0           | 0.0         | 0.0          | 0.0             | nan           | 100.0        | 1.0         | 100.0                   | 1.0            | 847.71  | 111244011.5 |
| NEARUSDT  | 0.0           | 0.0         | 0.0          | 0.0             | nan           | 100.0        | 1.0         | 100.0                   | 1.0            | 743.79  | 111244011.5 |
| 1INCHUSDT | 0.0           | 0.0         | 0.0          | 0.0             | nan           | 100.0        | 1.0         | 100.0                   | 1.0            | 687.58  | 111244011.5 |
| DOGEUSDT  | 0.0           | 0.0         | 0.0          | 0.0             | nan           | 100.0        | 1.0         | 100.0                   | 1.0            | 874.54  | 111244011.5 |
| SOLUSDT   | 0.0           | 0.0         | 0.0          | 0.0             | nan           | 100.0        | 1.0         | 100.0                   | 1.0            | 80.79   | 111244011.5 |
| SKLUSDT   | 0.0           | 0.0         | 0.0          | 0.0             | nan           | 100.0        | 1.0         | 100.0                   | 1.0            | 581.58  | 111244011.5 |
| VETUSDT   | 0.0           | 0.0         | 0.0          | 0.0             | nan           | 100.0        | 1.0         | 100.0                   | 1.0            | 730.66  | 111244011.5 |
| THETAUSDT | 0.0           | 0.0         | 0.0          | 0.0             | nan           | 100.0        | 1.0         | 100.0                   | 1.0            | 785.42  | 111244011.5 |
| ATOMUSDT  | 0.0           | 0.0         | 0.0          | 0.0             | nan           | 100.0        | 1.0         | 100.0                   | 1.0            | 743.83  | 111244011.5 |
| SANDUSDT  | 0.0           | 0.0         | 0.0          | 0.0             | nan           | 100.0        | 1.0         | 100.0                   | 1.0            | 723.58  | 111244011.5 |
| HBARUSDT  | 0.0           | 0.0         | 0.0          | 0.0             | nan           | 100.0        | 1.0         | 100.0                   | 1.0            | 729.67  | 111244011.5 |
| LINKUSDT  | 0.0           | 0.0         | 0.0          | 0.0             | nan           | 100.0        | 1.0         | 100.0                   | 1.0            | 1099.58 | 111244011.5 |
| CELRUSDT  | 0.0           | 0.0         | 0.0          | 0.0             | nan           | 100.0        | 1.0         | 100.0                   | 1.0            | 729.66  | 111244011.5 |
+-----------+---------------+-------------+--------------+-----------------+---------------+--------------+-------------+-------------------------+----------------+---------+-------------+

