+--------------------------------------------------------------------------------------------------------------------------------------------------------------------------------------------+
|                                                                                            long                                                                                            |
+-----------+---------------+-------------+--------------+-----------------+---------------+--------------+-------------+-------------------------+----------------+---------+---------------+
| symbol    | adg_w_per_exp | adg_per_exp | exp_rts_mean | time_at_max_exp | hrs_stuck_max | pa_dist_mean | pa_dist_std | pa_dist_1pct_worst_mean | loss_profit_rt | n_days  | score         |
+-----------+---------------+-------------+--------------+-----------------+---------------+--------------+-------------+-------------------------+----------------+---------+---------------+
| HBARUSDT  | 0.001683      | 0.002497    | 0.1384       | 0.0884          | 141.7         | 0.01405      | 0.02352     | 0.146                   | 0.03022        | 728.67  | 1297211.49832 |
| ATOMUSDT  | 0.001383      | 0.002751    | 0.1447       | 0.08531         | 100.4         | 0.01167      | 0.01662     | 0.1143                  | 0.0116         | 742.83  | 1297211.49862 |
| DOGEUSDT  | 0.001348      | 0.002685    | 0.07802      | 0.03596         | 96.23         | 0.007962     | 0.01125     | 0.07885                 | 0.06964        | 873.54  | 1297211.49865 |
| SOLUSDT   | 0.001355      | 0.002546    | 0.1291       | 0.06122         | 87.63         | 0.01955      | 0.02475     | 0.1379                  | 0.08292        | 846.67  | 1297211.49865 |
| MATICUSDT | 0.00108       | 0.001938    | 0.06923      | 0.04193         | 137.7         | 0.01196      | 0.01531     | 0.1027                  | 0.01646        | 846.71  | 1297211.49892 |
| ANKRUSDT  | 0.001011      | 0.001828    | 0.09948      | 0.07836         | 124.4         | 0.0147       | 0.02242     | 0.1303                  | 0.01747        | 698.66  | 1297211.49899 |
| SANDUSDT  | 0.0009523     | 0.00221     | 0.07469      | 0.04232         | 103.8         | 0.01266      | 0.01676     | 0.1123                  | 0.02176        | 721.58  | 1297211.49905 |
| 1INCHUSDT | 0.0009267     | 0.001219    | 0.1084       | 0.06068         | 141.7         | 0.01522      | 0.02015     | 0.1407                  | 0.07755        | 686.58  | 1297211.49907 |
| SKLUSDT   | 0.0009018     | 0.001541    | 0.1409       | 0.06844         | 113.0         | 0.0191       | 0.02383     | 0.1448                  | 0.07269        | 579.58  | 1297211.4991  |
| CELRUSDT  | 0.0008598     | 0.001763    | 0.1085       | 0.05267         | 137.0         | 0.01717      | 0.01853     | 0.1434                  | 0.07879        | 728.66  | 1297211.49914 |
| THETAUSDT | 0.0008176     | 0.001709    | 0.103        | 0.0651          | 82.25         | 0.01302      | 0.02002     | 0.1443                  | 0.02215        | 783.42  | 1297211.49918 |
| LINKUSDT  | 0.000822      | 0.001702    | 0.1201       | 0.06358         | 101.5         | 0.01718      | 0.01993     | 0.1232                  | 0.03645        | 1097.58 | 1297211.49918 |
| NEARUSDT  | 0.0007961     | 0.001694    | 0.1175       | 0.07185         | 97.9          | 0.01628      | 0.02712     | 0.1473                  | 0.05782        | 742.79  | 1297211.4992  |
| VETUSDT   | 0.0007385     | 0.001512    | 0.06986      | 0.03723         | 98.42         | 0.009317     | 0.01323     | 0.08093                 | 0.01653        | 728.66  | 1297211.49926 |
| DOTUSDT   | 0.0005771     | 0.001683    | 0.1257       | 0.06103         | 128.1         | 0.01578      | 0.0204      | 0.1229                  | 0.0245         | 949.58  | 1297211.49942 |
+-----------+---------------+-------------+--------------+-----------------+---------------+--------------+-------------+-------------------------+----------------+---------+---------------+

+------------------------------------------------------------------------------------------------------------------------------------------------------------------------------------------+
|                                                                                          short                                                                                           |
+-----------+---------------+-------------+--------------+-----------------+---------------+--------------+-------------+-------------------------+----------------+---------+-------------+
| symbol    | adg_w_per_exp | adg_per_exp | exp_rts_mean | time_at_max_exp | hrs_stuck_max | pa_dist_mean | pa_dist_std | pa_dist_1pct_worst_mean | loss_profit_rt | n_days  | score       |
+-----------+---------------+-------------+--------------+-----------------+---------------+--------------+-------------+-------------------------+----------------+---------+-------------+
| ANKRUSDT  | 0.0           | 0.0         | 0.0          | 0.0             | nan           | 100.0        | 1.0         | 100.0                   | 1.0            | 698.66  | 111244011.5 |
| DOTUSDT   | 0.0           | 0.0         | 0.0          | 0.0             | nan           | 100.0        | 1.0         | 100.0                   | 1.0            | 949.58  | 111244011.5 |
| MATICUSDT | 0.0           | 0.0         | 0.0          | 0.0             | nan           | 100.0        | 1.0         | 100.0                   | 1.0            | 846.71  | 111244011.5 |
| NEARUSDT  | 0.0           | 0.0         | 0.0          | 0.0             | nan           | 100.0        | 1.0         | 100.0                   | 1.0            | 742.79  | 111244011.5 |
| 1INCHUSDT | 0.0           | 0.0         | 0.0          | 0.0             | nan           | 100.0        | 1.0         | 100.0                   | 1.0            | 686.58  | 111244011.5 |
| DOGEUSDT  | 0.0           | 0.0         | 0.0          | 0.0             | nan           | 100.0        | 1.0         | 100.0                   | 1.0            | 873.54  | 111244011.5 |
| SOLUSDT   | 0.0           | 0.0         | 0.0          | 0.0             | nan           | 100.0        | 1.0         | 100.0                   | 1.0            | 846.67  | 111244011.5 |
| SKLUSDT   | 0.0           | 0.0         | 0.0          | 0.0             | nan           | 100.0        | 1.0         | 100.0                   | 1.0            | 579.58  | 111244011.5 |
| VETUSDT   | 0.0           | 0.0         | 0.0          | 0.0             | nan           | 100.0        | 1.0         | 100.0                   | 1.0            | 728.66  | 111244011.5 |
| THETAUSDT | 0.0           | 0.0         | 0.0          | 0.0             | nan           | 100.0        | 1.0         | 100.0                   | 1.0            | 783.42  | 111244011.5 |
| ATOMUSDT  | 0.0           | 0.0         | 0.0          | 0.0             | nan           | 100.0        | 1.0         | 100.0                   | 1.0            | 742.83  | 111244011.5 |
| SANDUSDT  | 0.0           | 0.0         | 0.0          | 0.0             | nan           | 100.0        | 1.0         | 100.0                   | 1.0            | 721.58  | 111244011.5 |
| HBARUSDT  | 0.0           | 0.0         | 0.0          | 0.0             | nan           | 100.0        | 1.0         | 100.0                   | 1.0            | 728.67  | 111244011.5 |
| LINKUSDT  | 0.0           | 0.0         | 0.0          | 0.0             | nan           | 100.0        | 1.0         | 100.0                   | 1.0            | 1097.58 | 111244011.5 |
| CELRUSDT  | 0.0           | 0.0         | 0.0          | 0.0             | nan           | 100.0        | 1.0         | 100.0                   | 1.0            | 728.66  | 111244011.5 |
+-----------+---------------+-------------+--------------+-----------------+---------------+--------------+-------------+-------------------------+----------------+---------+-------------+

