+----------------------------------------------------------------------------------------------------------------------------------------------------------------------------------------+
|                                                                                          long                                                                                          |
+-----------+---------------+-------------+--------------+---------------+--------------+-------------+----------------+------------------------+--------------+--------+----------------+
| symbol    | adg_w_per_exp | adg_per_exp | exp_rts_mean | hrs_stuck_max | pa_dist_mean | pa_dist_std | loss_profit_rt | eqbal_rt_10_worst_mean | eqbal_rt_std | n_days | score          |
+-----------+---------------+-------------+--------------+---------------+--------------+-------------+----------------+------------------------+--------------+--------+----------------+
| NKNUSDT   | 0.001839      | 0.002057    | 0.06963      | 54.02         | 0.01525      | 0.01874     | 0.0279         | 0.8974                 | 0.006311     | 791.0  | -480179.301839 |
| ALICEUSDT | 0.001798      | 0.002057    | 0.0697       | 21.55         | 0.009731     | 0.01263     | 0.03804        | 0.9075                 | 0.003946     | 791.0  | -480179.301798 |
| DOGEUSDT  | 0.00171       | 0.001798    | 0.0581       | 40.88         | 0.01199      | 0.01061     | 0.03893        | 0.97                   | 0.001578     | 791.0  | -480179.30171  |
| OMGUSDT   | 0.001682      | 0.001808    | 0.06998      | 62.73         | 0.01241      | 0.01388     | 0.04784        | 0.9455                 | 0.004461     | 791.0  | -480179.301682 |
| XRPUSDT   | 0.001662      | 0.002825    | 0.06969      | 46.97         | 0.006723     | 0.01009     | 0.01363        | 0.9164                 | 0.003467     | 791.0  | -480179.301662 |
| OCEANUSDT | 0.001658      | 0.00181     | 0.06783      | 50.52         | 0.01566      | 0.01905     | 0.03368        | 0.9131                 | 0.005154     | 791.0  | -480179.301658 |
| ICXUSDT   | 0.001644      | 0.001649    | 0.06774      | 50.13         | 0.01369      | 0.01654     | 0.04601        | 0.9121                 | 0.005085     | 791.0  | -480179.301644 |
| TOMOUSDT  | 0.001602      | 0.001814    | 0.06969      | 51.68         | 0.01318      | 0.01558     | 0.01073        | 0.9057                 | 0.00435      | 791.0  | -480179.301602 |
| HOTUSDT   | 0.001569      | 0.002577    | 0.06936      | 65.68         | 0.00898      | 0.01456     | 0.03318        | 0.8912                 | 0.004661     | 791.0  | -480179.301569 |
| TRBUSDT   | 0.001564      | 0.00168     | 0.06341      | 56.65         | 0.01977      | 0.0181      | 0.07125        | 0.9329                 | 0.003452     | 791.0  | -480179.301564 |
| RLCUSDT   | 0.001563      | 0.001731    | 0.06905      | 44.38         | 0.01404      | 0.01557     | 0.01373        | 0.9233                 | 0.00474      | 791.0  | -480179.301563 |
| RUNEUSDT  | 0.001552      | 0.001962    | 0.06916      | 56.73         | 0.01173      | 0.01453     | 0.01358        | 0.9253                 | 0.004466     | 791.0  | -480179.301552 |
| BELUSDT   | 0.001552      | 0.001837    | 0.06997      | 56.63         | 0.01472      | 0.01686     | 0.007928       | 0.9248                 | 0.005244     | 791.0  | -480179.301552 |
| MTLUSDT   | 0.001541      | 0.001546    | 0.06806      | 24.97         | 0.01659      | 0.0164      | 0.04344        | 0.9157                 | 0.003946     | 791.0  | -480179.301541 |
| CHZUSDT   | 0.001527      | 0.001791    | 0.0665       | 44.15         | 0.01171      | 0.01439     | 0.02175        | 0.9178                 | 0.003983     | 791.0  | -480179.301527 |
| DENTUSDT  | 0.001492      | 0.002044    | 0.06774      | 63.55         | 0.00982      | 0.01486     | 0.01227        | 0.8912                 | 0.003993     | 791.0  | -480179.301492 |
| LRCUSDT   | 0.001456      | 0.002317    | 0.06991      | 74.13         | 0.01068      | 0.01675     | 0.03309        | 0.8961                 | 0.005486     | 791.0  | -480179.301456 |
| CRVUSDT   | 0.001441      | 0.002007    | 0.06913      | 61.18         | 0.01403      | 0.01567     | 0.008229       | 0.9256                 | 0.004507     | 791.0  | -480179.301441 |
| REEFUSDT  | 0.0014        | 0.001819    | 0.05387      | 45.12         | 0.01136      | 0.01418     | 0.02215        | 0.9174                 | 0.003974     | 791.0  | -480179.3014   |
| FTMUSDT   | 0.00139       | 0.001857    | 0.06968      | 59.67         | 0.01651      | 0.0176      | 0.0261         | 0.9142                 | 0.00579      | 791.0  | -480179.30139  |
| CELRUSDT  | 0.001358      | 0.002051    | 0.06988      | 64.45         | 0.01405      | 0.01745     | 0.02399        | 0.9042                 | 0.005903     | 791.0  | -480179.301358 |
| ATOMUSDT  | 0.00135       | 0.001863    | 0.06427      | 40.08         | 0.008767     | 0.00913     | 0.04608        | 0.9384                 | 0.002451     | 791.0  | -480179.30135  |
| SKLUSDT   | 0.001337      | 0.001855    | 0.06492      | 52.82         | 0.01329      | 0.01968     | 0.008112       | 0.8975                 | 0.006212     | 791.0  | -480179.301337 |
| COTIUSDT  | 0.001335      | 0.002383    | 0.06458      | 26.08         | 0.009462     | 0.01128     | 0.04075        | 0.9                    | 0.003944     | 791.0  | -480179.301335 |
| GRTUSDT   | 0.001334      | 0.002067    | 0.06953      | 45.83         | 0.01143      | 0.01868     | 0.03033        | 0.8756                 | 0.00646      | 791.0  | -480179.301334 |
| RVNUSDT   | 0.001316      | 0.002117    | 0.06488      | 66.3          | 0.01077      | 0.01754     | 0.007388       | 0.8834                 | 0.005407     | 791.0  | -480179.301316 |
| NEOUSDT   | 0.001287      | 0.001492    | 0.06837      | 56.2          | 0.01216      | 0.01636     | 0.01346        | 0.9023                 | 0.00515      | 791.0  | -480179.301287 |
| DOTUSDT   | 0.001261      | 0.002015    | 0.06302      | 93.62         | 0.008123     | 0.01099     | 0.02295        | 0.9128                 | 0.003322     | 791.0  | -480179.301261 |
| THETAUSDT | 0.001256      | 0.001803    | 0.06676      | 43.02         | 0.01213      | 0.01909     | 0.01526        | 0.8983                 | 0.006973     | 791.0  | -480179.301256 |
| ZECUSDT   | 0.001255      | 0.001413    | 0.06306      | 80.43         | 0.011        | 0.01382     | 0.01204        | 0.9167                 | 0.004216     | 791.0  | -480179.301255 |
| MKRUSDT   | 0.001252      | 0.001758    | 0.06471      | 41.67         | 0.01047      | 0.01033     | 0.03605        | 0.9227                 | 0.003163     | 791.0  | -480179.301252 |
| SANDUSDT  | 0.001208      | 0.001976    | 0.05607      | 71.08         | 0.009202     | 0.01899     | 0.00672        | 0.8729                 | 0.006221     | 791.0  | -480179.301208 |
| HBARUSDT  | 0.001198      | 0.001686    | 0.06874      | 52.13         | 0.009934     | 0.009283    | 0.01607        | 0.9548                 | 0.00299      | 791.0  | -480179.301198 |
| RENUSDT   | 0.001193      | 0.001415    | 0.06987      | 52.88         | 0.01904      | 0.01894     | 0.03699        | 0.9036                 | 0.005786     | 791.0  | -480179.301193 |
| UNIUSDT   | 0.001177      | 0.001552    | 0.06787      | 55.25         | 0.01367      | 0.01446     | 0.01578        | 0.9408                 | 0.003232     | 791.0  | -480179.301177 |
| ANKRUSDT  | 0.00116       | 0.001706    | 0.06934      | 63.2          | 0.01145      | 0.01718     | 0.05259        | 0.9116                 | 0.006423     | 791.0  | -480179.30116  |
| SUSHIUSDT | 0.001142      | 0.001911    | 0.06875      | 58.53         | 0.01232      | 0.01636     | 0.01718        | 0.9334                 | 0.005796     | 791.0  | -480179.301142 |
| CTKUSDT   | 0.001136      | 0.001485    | 0.0682       | 65.28         | 0.01273      | 0.0126      | 0.01985        | 0.9313                 | 0.003117     | 791.0  | -480179.301136 |
| NEARUSDT  | 0.00112       | 0.001667    | 0.05957      | 78.72         | 0.01196      | 0.01902     | 0.03813        | 0.9002                 | 0.006101     | 791.0  | -480179.30112  |
| DGBUSDT   | 0.001116      | 0.001842    | 0.0685       | 53.05         | 0.0135       | 0.01838     | 0.02543        | 0.8835                 | 0.005665     | 791.0  | -480179.301116 |
| KSMUSDT   | 0.001104      | 0.001752    | 0.06841      | 73.13         | 0.01596      | 0.01637     | 0.09741        | 0.9441                 | 0.003459     | 791.0  | -480179.301104 |
| MANAUSDT  | 0.001084      | 0.001796    | 0.0674       | 76.75         | 0.009601     | 0.01336     | 0.03288        | 0.9153                 | 0.004858     | 791.0  | -480179.301084 |
| XMRUSDT   | 0.001065      | 0.001056    | 0.05905      | 36.77         | 0.0101       | 0.01052     | 0.02278        | 0.9537                 | 0.001824     | 791.0  | -480179.301065 |
| LITUSDT   | 0.001057      | 0.001112    | 0.0536       | 52.45         | 0.01802      | 0.01738     | 0.0218         | 0.9561                 | 0.003588     | 791.0  | -480179.301057 |
| STMXUSDT  | 0.00104       | 0.001555    | 0.06246      | 55.23         | 0.01301      | 0.01607     | 0.04025        | 0.9062                 | 0.00538      | 791.0  | -480179.30104  |
| ENJUSDT   | 0.001038      | 0.001821    | 0.06613      | 45.27         | 0.01139      | 0.01481     | 0.05413        | 0.9214                 | 0.005117     | 791.0  | -480179.301038 |
| LINAUSDT  | 0.001036      | 0.0009966   | 0.06864      | 64.18         | 0.01992      | 0.01868     | 0.03839        | 0.9173                 | 0.005399     | 791.0  | -480179.301036 |
| LINKUSDT  | 0.001005      | 0.001542    | 0.05728      | 52.28         | 0.009753     | 0.01394     | 0.02199        | 0.894                  | 0.004146     | 791.0  | -480179.301005 |
| KAVAUSDT  | 0.0009826     | 0.0009009   | 0.06359      | 58.42         | 0.01859      | 0.01969     | 0.03653        | 0.9155                 | 0.005206     | 791.0  | -480179.300983 |
| SNXUSDT   | 0.0009812     | 0.001469    | 0.06596      | 64.15         | 0.01467      | 0.01679     | 0.05254        | 0.9101                 | 0.005905     | 791.0  | -480179.300981 |
| IOSTUSDT  | 0.0009581     | 0.0013      | 0.06914      | 47.42         | 0.01106      | 0.01432     | 0.02056        | 0.9031                 | 0.005039     | 791.0  | -480179.300958 |
| ONEUSDT   | 0.0009571     | 0.001734    | 0.04846      | 62.77         | 0.01028      | 0.01558     | 0.07405        | 0.8984                 | 0.004926     | 791.0  | -480179.300957 |
| FILUSDT   | 0.0009499     | 0.001191    | 0.0539       | 64.35         | 0.01253      | 0.01869     | 0.01749        | 0.9079                 | 0.005984     | 791.0  | -480179.30095  |
| OGNUSDT   | 0.0009435     | 0.001273    | 0.05953      | 52.17         | 0.01823      | 0.01643     | 0.04731        | 0.93                   | 0.003302     | 791.0  | -480179.300943 |
| EOSUSDT   | 0.0009338     | 0.001131    | 0.06817      | 59.43         | 0.01393      | 0.01193     | 0.02521        | 0.9541                 | 0.002672     | 791.0  | -480179.300934 |
| ZENUSDT   | 0.0009268     | 0.001173    | 0.06968      | 55.38         | 0.01755      | 0.01981     | 0.03779        | 0.8932                 | 0.00587      | 791.0  | -480179.300927 |
| 1INCHUSDT | 0.0009269     | 0.001372    | 0.06437      | 47.67         | 0.01103      | 0.01403     | 0.04879        | 0.9294                 | 0.005038     | 791.0  | -480179.300927 |
| ADAUSDT   | 0.0008998     | 0.001423    | 0.06675      | 58.52         | 0.01141      | 0.01996     | 0.03497        | 0.9155                 | 0.00711      | 791.0  | -480179.3009   |
| BCHUSDT   | 0.0008997     | 0.001127    | 0.06972      | 62.75         | 0.01071      | 0.01634     | 0.05182        | 0.9299                 | 0.005613     | 791.0  | -480179.3009   |
| RSRUSDT   | 0.0008953     | 0.001357    | 0.05731      | 51.82         | 0.01327      | 0.01713     | 0.04711        | 0.9207                 | 0.005341     | 791.0  | -480179.300895 |
| MATICUSDT | 0.0008818     | 0.001374    | 0.06317      | 39.33         | 0.01141      | 0.01219     | 0.01009        | 0.9257                 | 0.004056     | 791.0  | -480179.300882 |
| BANDUSDT  | 0.0008696     | 0.001256    | 0.06973      | 52.23         | 0.01477      | 0.01514     | 0.00949        | 0.9271                 | 0.00456      | 791.0  | -480179.30087  |
| VETUSDT   | 0.0008405     | 0.000899    | 0.05541      | 59.37         | 0.01436      | 0.01731     | 0.0198         | 0.8973                 | 0.004844     | 791.0  | -480179.300841 |
| CHRUSDT   | 0.0008347     | 0.001444    | 0.06889      | 63.4          | 0.01412      | 0.01662     | 0.01971        | 0.9199                 | 0.005471     | 791.0  | -480179.300835 |
| ZRXUSDT   | 0.0008301     | 0.001064    | 0.06705      | 61.95         | 0.01864      | 0.01953     | 0.06635        | 0.9076                 | 0.006052     | 791.0  | -480179.30083  |
| UNFIUSDT  | 0.000828      | 0.001243    | 0.05737      | 53.7          | 0.01694      | 0.01825     | 0.01597        | 0.8987                 | 0.005252     | 791.0  | -480179.300828 |
| DASHUSDT  | 0.0008269     | 0.001031    | 0.06267      | 75.13         | 0.01402      | 0.01701     | 0.09254        | 0.9325                 | 0.005603     | 791.0  | -480179.300827 |
| ALGOUSDT  | 0.0008187     | 0.001013    | 0.05265      | 44.75         | 0.01227      | 0.01266     | 0.0447         | 0.9298                 | 0.003597     | 791.0  | -480179.300819 |
| BNBUSDT   | 0.0008143     | 0.001334    | 0.06317      | 49.47         | 0.006657     | 0.009043    | 0.05814        | 0.9229                 | 0.002955     | 791.0  | -480179.300814 |
| STORJUSDT | 0.0008125     | 0.001236    | 0.06647      | 66.82         | 0.01777      | 0.01749     | 0.0882         | 0.9055                 | 0.005182     | 791.0  | -480179.300812 |
| COMPUSDT  | 0.000804      | 0.001507    | 0.06979      | 88.65         | 0.01688      | 0.01947     | 0.08122        | 0.9017                 | 0.006837     | 791.0  | -480179.300804 |
| SFPUSDT   | 0.000804      | 0.001293    | 0.06858      | 55.92         | 0.01664      | 0.0193      | 0.0209         | 0.8955                 | 0.006229     | 791.0  | -480179.300804 |
| ALPHAUSDT | 0.0007607     | 0.0009793   | 0.06151      | 58.28         | 0.01863      | 0.01839     | 0.02831        | 0.9142                 | 0.00547      | 791.0  | -480179.300761 |
| IOTAUSDT  | 0.0007509     | 0.0007954   | 0.06224      | 92.68         | 0.01708      | 0.01969     | 0.04595        | 0.9179                 | 0.005302     | 791.0  | -480179.300751 |
| ONTUSDT   | 0.0007314     | 0.0008907   | 0.06995      | 42.7          | 0.01575      | 0.01567     | 0.04816        | 0.9301                 | 0.005253     | 791.0  | -480179.300731 |
| ETCUSDT   | 0.0007213     | 0.001176    | 0.06723      | 70.38         | 0.01212      | 0.0152      | 0.04462        | 0.9191                 | 0.005181     | 791.0  | -480179.300721 |
| XTZUSDT   | 0.0007182     | 0.0008794   | 0.06712      | 54.43         | 0.01512      | 0.01359     | 0.01446        | 0.9495                 | 0.003407     | 791.0  | -480179.300718 |
| FLMUSDT   | 0.0007079     | 0.0008363   | 0.06831      | 55.12         | 0.0199       | 0.01701     | 0.06191        | 0.9443                 | 0.004276     | 791.0  | -480179.300708 |
| SOLUSDT   | 0.0007083     | 0.001949    | 0.06992      | 58.85         | 0.01963      | 0.01809     | 0.08643        | 0.952                  | 0.00236      | 791.0  | -480179.300708 |
| ZILUSDT   | 0.000704      | 0.0009969   | 0.06887      | 60.32         | 0.01516      | 0.01545     | 0.06968        | 0.9231                 | 0.005444     | 791.0  | -480179.300704 |
| AAVEUSDT  | 0.0006973     | 0.001207    | 0.05415      | 68.87         | 0.01744      | 0.01802     | 0.05028        | 0.9312                 | 0.004494     | 791.0  | -480179.300697 |
| KNCUSDT   | 0.0006958     | 0.0009314   | 0.05837      | 56.3          | 0.01745      | 0.01863     | 0.0694         | 0.9255                 | 0.005686     | 791.0  | -480179.300696 |
| XLMUSDT   | 0.0006908     | 0.001043    | 0.0653       | 43.12         | 0.008931     | 0.01405     | 0.0816         | 0.92                   | 0.005056     | 791.0  | -480179.300691 |
| EGLDUSDT  | 0.0006888     | 0.0014      | 0.06695      | 60.23         | 0.01274      | 0.01996     | 0.05789        | 0.9072                 | 0.006917     | 791.0  | -480179.300689 |
| QTUMUSDT  | 0.0006734     | 0.0007606   | 0.06853      | 85.65         | 0.01439      | 0.01545     | 0.05717        | 0.9312                 | 0.003997     | 791.0  | -480179.300673 |
| BATUSDT   | 0.0006677     | 0.0008476   | 0.06943      | 45.85         | 0.01911      | 0.01617     | 0.09311        | 0.9414                 | 0.004101     | 791.0  | -480179.300668 |
| BALUSDT   | 0.0006341     | 0.0007689   | 0.06953      | 48.32         | 0.01566      | 0.01784     | 0.04104        | 0.9089                 | 0.005771     | 791.0  | -480179.300634 |
| BLZUSDT   | 0.0006189     | 0.0008618   | 0.05983      | 58.72         | 0.01947      | 0.01914     | 0.04788        | 0.9178                 | 0.005703     | 791.0  | -480179.300619 |
| XEMUSDT   | 0.0005985     | 0.0009201   | 0.05251      | 60.98         | 0.01454      | 0.01315     | 0.09832        | 0.9276                 | 0.00284      | 791.0  | -480179.300598 |
| TRXUSDT   | 0.000515      | 0.0009691   | 0.06898      | 36.65         | 0.01229      | 0.0141      | 0.08939        | 0.9139                 | 0.005096     | 791.0  | -480179.300515 |
| SXPUSDT   | 0.0002975     | 0.0009103   | 0.02706      | 69.62         | 0.01395      | 0.01259     | 0.07811        | 0.9371                 | 0.002358     | 791.0  | -480179.300298 |
| YFIUSDT   | 0.0002629     | 0.001102    | 0.06942      | 69.3          | 0.01976      | 0.01953     | 0.09054        | 0.9093                 | 0.005088     | 791.0  | -480179.300263 |
| AVAXUSDT  | 0.0003882     | 0.001546    | 0.07893      | 49.42         | 0.0167       | 0.02336     | 0.09368        | 0.8758                 | 0.007472     | 791.0  | -480145.584326 |
| WAVESUSDT | 0.0003879     | 0.001025    | 0.01366      | 48.13         | 0.01023      | 0.009958    | 0.189          | 0.9532                 | 0.001268     | 791.0  | -471282.779531 |
| AXSUSDT   | 0.0006254     | 0.001543    | 0.1554       | 90.32         | 0.02769      | 0.0419      | 0.1925         | 0.8603                 | 0.01519      | 791.0  | -470704.568413 |
+-----------+---------------+-------------+--------------+---------------+--------------+-------------+----------------+------------------------+--------------+--------+----------------+

+----------------------------------------------------------------------------------------------------------------------------------------------------------------------------------------+
|                                                                                         short                                                                                          |
+-----------+---------------+-------------+--------------+---------------+--------------+-------------+----------------+------------------------+--------------+--------+----------------+
| symbol    | adg_w_per_exp | adg_per_exp | exp_rts_mean | hrs_stuck_max | pa_dist_mean | pa_dist_std | loss_profit_rt | eqbal_rt_10_worst_mean | eqbal_rt_std | n_days | score          |
+-----------+---------------+-------------+--------------+---------------+--------------+-------------+----------------+------------------------+--------------+--------+----------------+
| RENUSDT   | 0.002359      | 0.001941    | 0.06879      | 78.68         | 0.01824      | 0.01656     | 0.04823        | 0.9525                 | 0.002073     | 791.0  | -230179.302359 |
| BLZUSDT   | 0.002047      | 0.002074    | 0.0692       | 69.22         | 0.01629      | 0.01465     | 0.01153        | 0.971                  | 0.001457     | 791.0  | -230179.302047 |
| SFPUSDT   | 0.002008      | 0.001912    | 0.06984      | 85.45         | 0.01321      | 0.01984     | 0.0145         | 0.8928                 | 0.003424     | 791.0  | -230179.302008 |
| UNFIUSDT  | 0.001942      | 0.002069    | 0.0695       | 48.43         | 0.01421      | 0.01757     | 0.01904        | 0.8379                 | 0.005785     | 791.0  | -230179.301942 |
| CHZUSDT   | 0.001915      | 0.002292    | 0.06978      | 51.83         | 0.008396     | 0.01365     | 0.03529        | 0.9448                 | 0.002721     | 791.0  | -230179.301915 |
| LITUSDT   | 0.001904      | 0.002021    | 0.06732      | 78.68         | 0.01524      | 0.01723     | 0.0258         | 0.9447                 | 0.003494     | 791.0  | -230179.301904 |
| CELRUSDT  | 0.001882      | 0.002224    | 0.06206      | 87.22         | 0.01148      | 0.01576     | 0.02471        | 0.9137                 | 0.003179     | 791.0  | -230179.301882 |
| RLCUSDT   | 0.00182       | 0.001488    | 0.06943      | 58.95         | 0.0185       | 0.01894     | 0.03234        | 0.9339                 | 0.002616     | 791.0  | -230179.30182  |
| NKNUSDT   | 0.001783      | 0.00251     | 0.06899      | 66.45         | 0.01531      | 0.01906     | 0.03815        | 0.9255                 | 0.004477     | 791.0  | -230179.301783 |
| OMGUSDT   | 0.001755      | 0.002118    | 0.06802      | 80.08         | 0.01081      | 0.01697     | 0.0337         | 0.9349                 | 0.003967     | 791.0  | -230179.301755 |
| HOTUSDT   | 0.001752      | 0.0014      | 0.06589      | 58.52         | 0.01307      | 0.01394     | 0.05902        | 0.9663                 | 0.002065     | 791.0  | -230179.301752 |
| ZRXUSDT   | 0.001732      | 0.00191     | 0.06955      | 55.82         | 0.01442      | 0.01553     | 0.04405        | 0.9325                 | 0.002956     | 791.0  | -230179.301732 |
| OCEANUSDT | 0.001708      | 0.002179    | 0.0699       | 65.9          | 0.01033      | 0.01396     | 0.04092        | 0.9535                 | 0.002898     | 791.0  | -230179.301708 |
| OGNUSDT   | 0.001703      | 0.001803    | 0.06762      | 47.67         | 0.01251      | 0.01138     | 0.02002        | 0.9818                 | 0.0008852    | 791.0  | -230179.301703 |
| ONEUSDT   | 0.001678      | 0.002681    | 0.06878      | 75.95         | 0.01313      | 0.01529     | 0.06979        | 0.9543                 | 0.003165     | 791.0  | -230179.301678 |
| ONTUSDT   | 0.001673      | 0.001564    | 0.06543      | 54.98         | 0.01159      | 0.01088     | 0.01612        | 0.9771                 | 0.001566     | 791.0  | -230179.301673 |
| TOMOUSDT  | 0.00167       | 0.001363    | 0.06757      | 68.75         | 0.01475      | 0.01885     | 0.02175        | 0.9471                 | 0.004091     | 791.0  | -230179.30167  |
| CHRUSDT   | 0.001641      | 0.001912    | 0.06661      | 83.43         | 0.0132       | 0.01471     | 0.003818       | 0.9308                 | 0.0024       | 791.0  | -230179.301641 |
| ANKRUSDT  | 0.001636      | 0.002007    | 0.06066      | 56.32         | 0.01078      | 0.01583     | 0.03635        | 0.9373                 | 0.003622     | 791.0  | -230179.301636 |
| BATUSDT   | 0.001615      | 0.001447    | 0.0665       | 59.77         | 0.01427      | 0.01324     | 0.04569        | 0.9599                 | 0.001394     | 791.0  | -230179.301615 |
| ALPHAUSDT | 0.001614      | 0.001519    | 0.06639      | 69.92         | 0.0167       | 0.01758     | 0.0281         | 0.9311                 | 0.003656     | 791.0  | -230179.301614 |
| SUSHIUSDT | 0.00154       | 0.001989    | 0.06928      | 59.35         | 0.01214      | 0.01775     | 0.02428        | 0.9198                 | 0.003716     | 791.0  | -230179.30154  |
| XRPUSDT   | 0.001516      | 0.001644    | 0.0671       | 76.93         | 0.009579     | 0.01461     | 0.03285        | 0.9517                 | 0.002876     | 791.0  | -230179.301516 |
| REEFUSDT  | 0.001508      | 0.001937    | 0.06818      | 85.3          | 0.009231     | 0.01082     | 0.01168        | 0.9628                 | 0.002067     | 791.0  | -230179.301508 |
| SKLUSDT   | 0.001491      | 0.002219    | 0.06423      | 57.98         | 0.01273      | 0.01281     | 0.01732        | 0.9588                 | 0.002371     | 791.0  | -230179.301491 |
| NEOUSDT   | 0.001444      | 0.001302    | 0.06893      | 80.02         | 0.01329      | 0.01281     | 0.04753        | 0.9626                 | 0.001894     | 791.0  | -230179.301444 |
| BELUSDT   | 0.001442      | 0.001507    | 0.06368      | 65.38         | 0.01774      | 0.01958     | 0.04373        | 0.9362                 | 0.003266     | 791.0  | -230179.301442 |
| ENJUSDT   | 0.001428      | 0.00168     | 0.0697       | 76.07         | 0.01487      | 0.01789     | 0.03019        | 0.9557                 | 0.003605     | 791.0  | -230179.301428 |
| ZECUSDT   | 0.001425      | 0.001295    | 0.06969      | 47.05         | 0.01367      | 0.01452     | 0.01221        | 0.9678                 | 0.001673     | 791.0  | -230179.301425 |
| KAVAUSDT  | 0.001418      | 0.001408    | 0.06445      | 56.35         | 0.01303      | 0.01835     | 0.05335        | 0.9254                 | 0.004222     | 791.0  | -230179.301418 |
| IOSTUSDT  | 0.001406      | 0.001524    | 0.06548      | 76.97         | 0.01037      | 0.01353     | 0.006797       | 0.9345                 | 0.002817     | 791.0  | -230179.301406 |
| ZENUSDT   | 0.001401      | 0.001776    | 0.06978      | 86.42         | 0.01471      | 0.012       | 0.01136        | 0.97                   | 0.001338     | 791.0  | -230179.301401 |
| ALICEUSDT | 0.001401      | 0.001594    | 0.0682       | 56.05         | 0.01688      | 0.01699     | 0.04288        | 0.9514                 | 0.002743     | 791.0  | -230179.301401 |
| RSRUSDT   | 0.001379      | 0.001436    | 0.06875      | 78.05         | 0.01751      | 0.01945     | 0.02927        | 0.9425                 | 0.003884     | 791.0  | -230179.301379 |
| STMXUSDT  | 0.001378      | 0.001911    | 0.0699       | 66.82         | 0.01164      | 0.01278     | 0.04253        | 0.9565                 | 0.002708     | 791.0  | -230179.301378 |
| STORJUSDT | 0.001376      | 0.001526    | 0.06883      | 75.6          | 0.01422      | 0.01372     | 0.04156        | 0.9687                 | 0.001437     | 791.0  | -230179.301376 |
| CTKUSDT   | 0.001374      | 0.001353    | 0.0699       | 55.92         | 0.01404      | 0.01434     | 0.0946         | 0.9263                 | 0.00234      | 791.0  | -230179.301374 |
| VETUSDT   | 0.001373      | 0.001149    | 0.06676      | 51.68         | 0.01383      | 0.01387     | 0.04754        | 0.9779                 | 0.001381     | 791.0  | -230179.301373 |
| FTMUSDT   | 0.001371      | 0.001691    | 0.06912      | 63.98         | 0.01663      | 0.01968     | 0.02663        | 0.9404                 | 0.00366      | 791.0  | -230179.301371 |
| GRTUSDT   | 0.001365      | 0.001727    | 0.06281      | 84.17         | 0.01456      | 0.01879     | 0.02363        | 0.9255                 | 0.004198     | 791.0  | -230179.301365 |
| MTLUSDT   | 0.001336      | 0.001255    | 0.06267      | 66.85         | 0.01601      | 0.0192      | 0.03018        | 0.9456                 | 0.004071     | 791.0  | -230179.301336 |
| SNXUSDT   | 0.001328      | 0.001455    | 0.06637      | 63.28         | 0.01653      | 0.01846     | 0.02166        | 0.9518                 | 0.003217     | 791.0  | -230179.301328 |
| TRBUSDT   | 0.001306      | 0.002186    | 0.06965      | 55.43         | 0.01284      | 0.01621     | 0.01637        | 0.9238                 | 0.003802     | 791.0  | -230179.301306 |
| 1INCHUSDT | 0.001302      | 0.001641    | 0.06906      | 75.75         | 0.01106      | 0.01237     | 0.01992        | 0.9607                 | 0.002146     | 791.0  | -230179.301302 |
| DGBUSDT   | 0.001295      | 0.001427    | 0.06159      | 63.58         | 0.01182      | 0.01213     | 0.05071        | 0.9527                 | 0.001745     | 791.0  | -230179.301295 |
| LINKUSDT  | 0.001289      | 0.001769    | 0.06921      | 75.95         | 0.009374     | 0.008632    | 0.01722        | 0.9766                 | 0.001382     | 791.0  | -230179.301289 |
| ICXUSDT   | 0.001284      | 0.001216    | 0.06809      | 50.5          | 0.01628      | 0.01786     | 0.03659        | 0.921                  | 0.003583     | 791.0  | -230179.301284 |
| FLMUSDT   | 0.001267      | 0.001459    | 0.06944      | 83.85         | 0.01482      | 0.01931     | 0.01497        | 0.8711                 | 0.004538     | 791.0  | -230179.301267 |
| CRVUSDT   | 0.001251      | 0.0015      | 0.06757      | 65.78         | 0.01649      | 0.01718     | 0.05049        | 0.9411                 | 0.002919     | 791.0  | -230179.301251 |
| LRCUSDT   | 0.001238      | 0.001379    | 0.06798      | 62.55         | 0.01489      | 0.01825     | 0.06258        | 0.9382                 | 0.003231     | 791.0  | -230179.301238 |
| HBARUSDT  | 0.00123       | 0.001762    | 0.06963      | 56.25         | 0.01207      | 0.01498     | 0.071          | 0.9454                 | 0.003351     | 791.0  | -230179.30123  |
| ATOMUSDT  | 0.001229      | 0.002125    | 0.0699       | 58.25         | 0.01108      | 0.01215     | 0.03005        | 0.969                  | 0.002106     | 791.0  | -230179.301229 |
| DASHUSDT  | 0.001227      | 0.001095    | 0.06365      | 78.82         | 0.0161       | 0.01534     | 0.04737        | 0.98                   | 0.001121     | 791.0  | -230179.301227 |
| DENTUSDT  | 0.001226      | 0.001071    | 0.06558      | 68.87         | 0.01744      | 0.0191      | 0.08243        | 0.9289                 | 0.002902     | 791.0  | -230179.301226 |
| UNIUSDT   | 0.001213      | 0.001606    | 0.06996      | 57.35         | 0.01309      | 0.01582     | 0.01581        | 0.9694                 | 0.00155      | 791.0  | -230179.301213 |
| QTUMUSDT  | 0.0012        | 0.001287    | 0.06758      | 46.72         | 0.01461      | 0.01485     | 0.0518         | 0.9773                 | 0.001377     | 791.0  | -230179.3012   |
| NEARUSDT  | 0.001194      | 0.001749    | 0.06965      | 75.95         | 0.0167       | 0.01933     | 0.02903        | 0.95                   | 0.003562     | 791.0  | -230179.301194 |
| XEMUSDT   | 0.001165      | 0.001328    | 0.06899      | 73.23         | 0.01049      | 0.01521     | 0.02919        | 0.953                  | 0.003294     | 791.0  | -230179.301165 |
| COTIUSDT  | 0.001152      | 0.001706    | 0.05756      | 43.82         | 0.01132      | 0.01244     | 0.02246        | 0.9591                 | 0.00241      | 791.0  | -230179.301152 |
| DOGEUSDT  | 0.001141      | 0.00125     | 0.05653      | 29.85         | 0.007238     | 0.009056    | 0.02098        | 0.9707                 | 0.001474     | 791.0  | -230179.301141 |
| XMRUSDT   | 0.001108      | 0.001098    | 0.0698       | 63.82         | 0.009253     | 0.01028     | 0.01103        | 0.9795                 | 0.001186     | 791.0  | -230179.301108 |
| KNCUSDT   | 0.001104      | 0.001267    | 0.06604      | 64.28         | 0.01587      | 0.01636     | 0.03361        | 0.9591                 | 0.002366     | 791.0  | -230179.301104 |
| XTZUSDT   | 0.001087      | 0.001451    | 0.06794      | 58.07         | 0.01172      | 0.01027     | 0.005162       | 0.9772                 | 0.001257     | 791.0  | -230179.301087 |
| ALGOUSDT  | 0.001058      | 0.001958    | 0.06485      | 57.98         | 0.009883     | 0.01153     | 0.05834        | 0.9431                 | 0.002583     | 791.0  | -230179.301058 |
| THETAUSDT | 0.001055      | 0.001681    | 0.06929      | 75.47         | 0.01333      | 0.0132      | 0.03838        | 0.9465                 | 0.002647     | 791.0  | -230179.301055 |
| SXPUSDT   | 0.001053      | 0.001071    | 0.0509       | 68.23         | 0.01928      | 0.01999     | 0.08195        | 0.974                  | 0.001289     | 791.0  | -230179.301053 |
| COMPUSDT  | 0.001047      | 0.001314    | 0.06943      | 57.3          | 0.01066      | 0.01412     | 0.07039        | 0.9438                 | 0.003023     | 791.0  | -230179.301047 |
| DOTUSDT   | 0.0009997     | 0.001588    | 0.06835      | 76.97         | 0.01323      | 0.01285     | 0.0908         | 0.9587                 | 0.002126     | 791.0  | -230179.301    |
| SANDUSDT  | 0.0009831     | 0.001475    | 0.06925      | 26.7          | 0.01529      | 0.01794     | 0.06306        | 0.9308                 | 0.003918     | 791.0  | -230179.300983 |
| BCHUSDT   | 0.000977      | 0.0007434   | 0.06371      | 57.42         | 0.01243      | 0.01524     | 0.05883        | 0.9679                 | 0.002195     | 791.0  | -230179.300977 |
| MATICUSDT | 0.0009764     | 0.001377    | 0.06788      | 48.28         | 0.01525      | 0.01515     | 0.0305         | 0.9667                 | 0.002171     | 791.0  | -230179.300976 |
| IOTAUSDT  | 0.0009739     | 0.001267    | 0.06925      | 63.52         | 0.01154      | 0.01897     | 0.04233        | 0.9417                 | 0.00418      | 791.0  | -230179.300974 |
| EOSUSDT   | 0.000914      | 0.001227    | 0.06949      | 63.77         | 0.009258     | 0.01716     | 0.01791        | 0.9318                 | 0.003671     | 791.0  | -230179.300914 |
| XLMUSDT   | 0.0008854     | 0.001365    | 0.06463      | 57.05         | 0.00715      | 0.01065     | 0.02647        | 0.9714                 | 0.002197     | 791.0  | -230179.300885 |
| ADAUSDT   | 0.0008288     | 0.001076    | 0.06805      | 69.85         | 0.0147       | 0.01672     | 0.06954        | 0.953                  | 0.003543     | 791.0  | -230179.300829 |
| RUNEUSDT  | 0.0008263     | 0.001275    | 0.06871      | 65.02         | 0.01813      | 0.01972     | 0.03915        | 0.9529                 | 0.003364     | 791.0  | -230179.300826 |
| RVNUSDT   | 0.0008067     | 0.0008783   | 0.05316      | 56.45         | 0.01636      | 0.01766     | 0.02669        | 0.9455                 | 0.00257      | 791.0  | -230179.300807 |
| TRXUSDT   | 0.0007841     | 0.0006972   | 0.06815      | 51.68         | 0.008723     | 0.008928    | 0.05472        | 0.9838                 | 0.0009416    | 791.0  | -230179.300784 |
| FILUSDT   | 0.0007626     | 0.001172    | 0.05454      | 32.12         | 0.0101       | 0.01716     | 0.03505        | 0.9247                 | 0.004158     | 791.0  | -230179.300763 |
| YFIUSDT   | 0.0007337     | 0.001601    | 0.06867      | 75.23         | 0.01172      | 0.01575     | 0.04694        | 0.916                  | 0.002869     | 791.0  | -230179.300734 |
| BALUSDT   | 0.0006787     | 0.0008678   | 0.05592      | 85.07         | 0.01753      | 0.01773     | 0.06469        | 0.9688                 | 0.002337     | 791.0  | -230179.300679 |
| MKRUSDT   | 0.0006563     | 0.0007308   | 0.06963      | 70.82         | 0.01682      | 0.01769     | 0.05181        | 0.9459                 | 0.002936     | 791.0  | -230179.300656 |
| ETCUSDT   | 0.0006269     | 0.0009655   | 0.06203      | 33.63         | 0.01334      | 0.01564     | 0.07817        | 0.945                  | 0.003737     | 791.0  | -230179.300627 |
| BNBUSDT   | 0.0004862     | 0.0008361   | 0.06976      | 83.18         | 0.008834     | 0.01366     | 0.04104        | 0.9677                 | 0.002665     | 791.0  | -230179.300486 |
| MANAUSDT  | 0.000878      | 0.001214    | 0.07887      | 39.6          | 0.01493      | 0.01616     | 0.05961        | 0.9676                 | 0.00231      | 791.0  | -230179.212206 |
| ZILUSDT   | 0.0008988     | 0.001099    | 0.05491      | 56.07         | 0.01637      | 0.02051     | 0.05826        | 0.9692                 | 0.001449     | 791.0  | -230174.212491 |
| EGLDUSDT  | 0.001284      | 0.001424    | 0.1212       | 52.57         | 0.01942      | 0.02195     | 0.09992        | 0.9229                 | 0.00409      | 791.0  | -230159.259699 |
| WAVESUSDT | 0.0009        | 0.0009237   | 0.04912      | 58.63         | 0.01939      | 0.02424     | 0.09316        | 0.9643                 | 0.001525     | 791.0  | -230136.917074 |
| LINAUSDT  | 0.00167       | 0.001594    | 0.0838       | 40.03         | 0.02025      | 0.02499     | 0.09522        | 0.9048                 | 0.00712      | 791.0  | -230128.971774 |
| BANDUSDT  | 0.001171      | 0.001467    | 0.1033       | 27.3          | 0.02396      | 0.03104     | 0.09136        | 0.8256                 | 0.01027      | 791.0  | -230064.574262 |
| KSMUSDT   | 0.0007228     | 0.001388    | 0.09062      | 78.78         | 0.02147      | 0.02393     | 0.1107         | 0.9362                 | 0.004508     | 791.0  | -229063.543522 |
| AVAXUSDT  | 0.0008587     | 0.001873    | 0.1173       | 95.68         | 0.0219       | 0.02401     | 0.2058         | 0.9367                 | 0.00385      | 791.0  | -219557.420207 |
| AAVEUSDT  | 0.0009996     | 0.001929    | 0.1602       | 58.1          | 0.02442      | 0.02364     | 0.2161         | 0.951                  | 0.004271     | 791.0  | -218528.594845 |
| SOLUSDT   | 0.001312      | 0.002301    | 0.2358       | 34.07         | 0.02118      | 0.02903     | 0.6274         | 0.8949                 | 0.007007     | 791.0  | -177348.48714  |
| AXSUSDT   | 0.002207      | 0.00179     | 0.1724       | 23.9          | 0.01995      | 0.02803     | 0.6735         | 0.9381                 | 0.004554     | 791.0  | -172751.418461 |
+-----------+---------------+-------------+--------------+---------------+--------------+-------------+----------------+------------------------+--------------+--------+----------------+

