# Note: coins with less than ~730 days worth of price history are not optimized on their own,
# but instead the best config from among the coins with longer price history is selected.

+--------------------------------------------------------------------------------------------------------------------------------------------------------------------------------------------+
|                                                                                            long                                                                                            |
+---------------+---------------+-------------+--------------+---------------+--------------+-------------+----------------+------------------------+--------------+--------+----------------+
| symbol        | adg_w_per_exp | adg_per_exp | exp_rts_mean | hrs_stuck_max | pa_dist_mean | pa_dist_std | loss_profit_rt | eqbal_rt_10_worst_mean | eqbal_rt_std | n_days | score          |
+---------------+---------------+-------------+--------------+---------------+--------------+-------------+----------------+------------------------+--------------+--------+----------------+
| MAVUSDT       | 0.0384        | 0.06342     | 0.06445      | 4.35          | 0.01024      | 0.01041     | 0.002429       | 0.998                  | 0.002175     | 1.5    | -480179.3384   |
| COMBOUSDT     | 0.004024      | 0.002684    | 0.05008      | 19.72         | 0.01152      | 0.0101      | 0.02936        | 0.9925                 | 0.001187     | 28.5   | -480179.304024 |
| EDUUSDT       | 0.003556      | 0.003043    | 0.06         | 32.72         | 0.01072      | 0.009001    | 0.0006253      | 0.9862                 | 0.001622     | 61.5   | -480179.303556 |
| RNDRUSDT      | 0.003017      | 0.003406    | 0.06882      | 48.55         | 0.01491      | 0.01096     | 0.002498       | 0.9717                 | 0.002758     | 147.89 | -480179.303017 |
| 1000FLOKIUSDT | 0.002865      | 0.00178     | 0.05186      | 49.63         | 0.01084      | 0.008799    | 0.003008       | 0.9891                 | 0.001384     | 55.31  | -480179.302865 |
| 1000PEPEUSDT  | 0.00234       | 0.004262    | 0.06633      | 38.9          | 0.0126       | 0.01628     | 0.0162         | 0.9418                 | 0.007137     | 56.31  | -480179.30234  |
| AMBUSDT       | 0.002249      | 0.002078    | 0.06939      | 24.27         | 0.01426      | 0.01099     | 0.03355        | 0.9624                 | 0.003302     | 92.5   | -480179.302249 |
| BLURUSDT      | 0.00214       | 0.00213     | 0.0657       | 32.23         | 0.01042      | 0.008629    | 0.007675       | 0.989                  | 0.001304     | 63.5   | -480179.30214  |
| UMAUSDT       | 0.002063      | 0.001993    | 0.02998      | 41.67         | 0.01067      | 0.008528    | 0.03255        | 0.9942                 | 0.0007534    | 51.48  | -480179.302063 |
| IDUSDT        | 0.001999      | 0.001916    | 0.04842      | 64.92         | 0.01293      | 0.01057     | 0.003086       | 0.9904                 | 0.001059     | 99.39  | -480179.301999 |
| RADUSDT       | 0.001892      | 0.001483    | 0.0595       | 29.52         | 0.01077      | 0.009163    | 0.07877        | 0.9839                 | 0.001797     | 51.5   | -480179.301892 |
| HIGHUSDT      | 0.001886      | 0.002101    | 0.04783      | 31.6          | 0.01083      | 0.009521    | 0.01024        | 0.9666                 | 0.002807     | 143.89 | -480179.301886 |
| KEYUSDT       | 0.001873      | 0.001875    | 0.05216      | 28.18         | 0.01562      | 0.01501     | 0.004241       | 0.9626                 | 0.004452     | 37.5   | -480179.301873 |
| CFXUSDT       | 0.001861      | 0.002303    | 0.05043      | 23.2          | 0.01251      | 0.01072     | 0.02305        | 0.9678                 | 0.002614     | 130.39 | -480179.301861 |
| HOTUSDT       | 0.00185       | 0.002191    | 0.06995      | 71.08         | 0.01054      | 0.01226     | 0.01632        | 0.9331                 | 0.004306     | 791.0  | -480179.30185  |
| HFTUSDT       | 0.001846      | 0.001773    | 0.05018      | 40.8          | 0.01048      | 0.007917    | 0.02045        | 0.9924                 | 0.0009413    | 85.5   | -480179.301846 |
| LQTYUSDT      | 0.001807      | 0.001978    | 0.06924      | 41.17         | 0.01301      | 0.0121      | 0.002683       | 0.9721                 | 0.002743     | 112.5  | -480179.301807 |
| OMGUSDT       | 0.001786      | 0.002229    | 0.06589      | 61.8          | 0.01116      | 0.01595     | 0.05793        | 0.8886                 | 0.006427     | 791.0  | -480179.301786 |
| DENTUSDT      | 0.00178       | 0.002129    | 0.06693      | 62.13         | 0.01267      | 0.01425     | 0.01015        | 0.9158                 | 0.004942     | 791.0  | -480179.30178  |
| ICXUSDT       | 0.001771      | 0.001711    | 0.06383      | 50.22         | 0.01202      | 0.01655     | 0.06543        | 0.8784                 | 0.005526     | 791.0  | -480179.301771 |
| OCEANUSDT     | 0.001765      | 0.001813    | 0.06115      | 52.67         | 0.01231      | 0.01427     | 0.008206       | 0.913                  | 0.004428     | 791.0  | -480179.301765 |
| INJUSDT       | 0.001718      | 0.001766    | 0.05769      | 49.02         | 0.0117       | 0.01119     | 0.02946        | 0.9555                 | 0.003482     | 317.88 | -480179.301718 |
| CELRUSDT      | 0.001715      | 0.002457    | 0.06812      | 63.75         | 0.01629      | 0.0155      | 0.05364        | 0.9142                 | 0.005392     | 791.0  | -480179.301715 |
| FETUSDT       | 0.001696      | 0.001653    | 0.04508      | 40.98         | 0.01257      | 0.01103     | 0.005955       | 0.9786                 | 0.001617     | 164.89 | -480179.301696 |
| NKNUSDT       | 0.001689      | 0.002172    | 0.06992      | 58.13         | 0.01379      | 0.01597     | 0.01338        | 0.8986                 | 0.006332     | 791.0  | -480179.301689 |
| GRTUSDT       | 0.001676      | 0.002228    | 0.0678       | 80.55         | 0.01272      | 0.01847     | 0.0416         | 0.8557                 | 0.007291     | 791.0  | -480179.301676 |
| BELUSDT       | 0.001665      | 0.001925    | 0.06089      | 57.83         | 0.01148      | 0.01445     | 0.01356        | 0.9135                 | 0.005121     | 791.0  | -480179.301665 |
| TUSDT         | 0.00166       | 0.00155     | 0.04033      | 42.07         | 0.007998     | 0.006925    | 0.04318        | 0.9906                 | 0.0008366    | 149.46 | -480179.30166  |
| HOOKUSDT      | 0.001657      | 0.001797    | 0.0426       | 30.43         | 0.0109       | 0.009881    | 0.01704        | 0.983                  | 0.00126      | 158.87 | -480179.301657 |
| BNXUSDT       | 0.001654      | 0.001632    | 0.06513      | 40.9          | 0.01305      | 0.01226     | 0.007579       | 0.9805                 | 0.001614     | 128.38 | -480179.301654 |
| 1000LUNCUSDT  | 0.001592      | 0.001748    | 0.05985      | 57.95         | 0.007067     | 0.009448    | 0.006252       | 0.9498                 | 0.003718     | 294.46 | -480179.301592 |
| ATOMUSDT      | 0.001586      | 0.001831    | 0.06513      | 66.77         | 0.01129      | 0.01226     | 0.02853        | 0.9229                 | 0.003319     | 791.0  | -480179.301586 |
| ANKRUSDT      | 0.001544      | 0.001942    | 0.06857      | 72.02         | 0.0101       | 0.01462     | 0.02648        | 0.8911                 | 0.006027     | 791.0  | -480179.301544 |
| QNTUSDT       | 0.001529      | 0.0008643   | 0.06903      | 87.82         | 0.01254      | 0.01111     | 0.09382        | 0.9689                 | 0.002968     | 253.89 | -480179.301529 |
| IMXUSDT       | 0.001514      | 0.002203    | 0.0563       | 47.03         | 0.01009      | 0.01092     | 0.03648        | 0.9363                 | 0.004113     | 504.85 | -480179.301514 |
| ARBUSDT       | 0.001512      | 0.001676    | 0.06028      | 48.58         | 0.008002     | 0.009304    | 0.003802       | 0.9683                 | 0.003547     | 99.37  | -480179.301512 |
| VETUSDT       | 0.0015        | 0.002069    | 0.06957      | 69.08         | 0.01177      | 0.0148      | 0.0158         | 0.8968                 | 0.004992     | 791.0  | -480179.3015   |
| OPUSDT        | 0.001498      | 0.00168     | 0.06317      | 24.05         | 0.01011      | 0.01043     | 0.01201        | 0.9479                 | 0.004207     | 394.41 | -480179.301498 |
| CRVUSDT       | 0.001492      | 0.001421    | 0.0619       | 61.07         | 0.01202      | 0.01567     | 0.01141        | 0.904                  | 0.005479     | 791.0  | -480179.301492 |
| DOGEUSDT      | 0.00149       | 0.002574    | 0.06723      | 57.58         | 0.007064     | 0.01067     | 0.01326        | 0.9242                 | 0.00429      | 791.0  | -480179.30149  |
| STXUSDT       | 0.001488      | 0.001829    | 0.06484      | 66.15         | 0.01042      | 0.008611    | 0.004432       | 0.9777                 | 0.002276     | 129.39 | -480179.301488 |
| RLCUSDT       | 0.001477      | 0.002394    | 0.06309      | 49.62         | 0.01008      | 0.01423     | 0.0088         | 0.9097                 | 0.005945     | 791.0  | -480179.301477 |
| LITUSDT       | 0.001452      | 0.001591    | 0.06273      | 42.38         | 0.01691      | 0.0159      | 0.03415        | 0.9468                 | 0.003883     | 791.0  | -480179.301452 |
| MAGICUSDT     | 0.001444      | 0.00228     | 0.03566      | 57.32         | 0.009608     | 0.007994    | 0.03012        | 0.9816                 | 0.001367     | 156.87 | -480179.301444 |
| ICPUSDT       | 0.001437      | 0.0006449   | 0.04609      | 46.35         | 0.01382      | 0.01202     | 0.09473        | 0.9791                 | 0.001444     | 276.89 | -480179.301437 |
| COTIUSDT      | 0.001418      | 0.002195    | 0.05835      | 45.32         | 0.01016      | 0.01286     | 0.04322        | 0.8801                 | 0.004881     | 791.0  | -480179.301418 |
| TOMOUSDT      | 0.001393      | 0.001544    | 0.0613       | 66.78         | 0.01452      | 0.01523     | 0.02153        | 0.9157                 | 0.00497      | 791.0  | -480179.301393 |
| RDNTUSDT      | 0.001391      | 0.001388    | 0.06174      | 25.17         | 0.01237      | 0.01106     | 0.009883       | 0.9814                 | 0.001973     | 86.5   | -480179.301391 |
| TRBUSDT       | 0.001387      | 0.001682    | 0.06636      | 30.27         | 0.01956      | 0.01842     | 0.07256        | 0.9071                 | 0.005119     | 791.0  | -480179.301387 |
| MATICUSDT     | 0.001384      | 0.002141    | 0.06334      | 35.38         | 0.0102       | 0.01535     | 0.02535        | 0.9142                 | 0.006461     | 791.0  | -480179.301384 |
| LINAUSDT      | 0.001379      | 0.001448    | 0.06697      | 58.63         | 0.01603      | 0.01759     | 0.0238         | 0.91                   | 0.006841     | 791.0  | -480179.301379 |
| MTLUSDT       | 0.001368      | 0.001258    | 0.06391      | 46.7          | 0.01575      | 0.01759     | 0.0288         | 0.9195                 | 0.00493      | 791.0  | -480179.301368 |
| STMXUSDT      | 0.001354      | 0.001214    | 0.06865      | 55.27         | 0.01622      | 0.01836     | 0.03007        | 0.8976                 | 0.006719     | 791.0  | -480179.301354 |
| PEOPLEUSDT    | 0.001342      | 0.001914    | 0.06475      | 43.65         | 0.01355      | 0.01319     | 0.009874       | 0.9451                 | 0.003897     | 553.83 | -480179.301342 |
| APTUSDT       | 0.001337      | 0.001523    | 0.06907      | 50.6          | 0.01225      | 0.0157      | 0.03774        | 0.9253                 | 0.0059       | 254.92 | -480179.301337 |
| NEARUSDT      | 0.001329      | 0.001754    | 0.06849      | 51.93         | 0.01118      | 0.01397     | 0.008062       | 0.9062                 | 0.005355     | 791.0  | -480179.301329 |
| MANAUSDT      | 0.001327      | 0.001709    | 0.06574      | 76.95         | 0.0108       | 0.0126      | 0.02857        | 0.9188                 | 0.00499      | 791.0  | -480179.301327 |
| LDOUSDT       | 0.001307      | 0.001125    | 0.06685      | 58.45         | 0.01829      | 0.01552     | 0.03954        | 0.9269                 | 0.00436      | 281.5  | -480179.301307 |
| RVNUSDT       | 0.001307      | 0.001507    | 0.06963      | 65.68         | 0.01272      | 0.0174      | 0.01124        | 0.8833                 | 0.007005     | 791.0  | -480179.301307 |
| IDEXUSDT      | 0.001294      | 0.001908    | 0.05696      | 35.88         | 0.01309      | 0.01176     | 0.0005996      | 0.9888                 | 0.001329     | 58.5   | -480179.301294 |
| BANDUSDT      | 0.001286      | 0.001665    | 0.06697      | 51.85         | 0.01481      | 0.01853     | 0.01536        | 0.8701                 | 0.007186     | 791.0  | -480179.301286 |
| ASTRUSDT      | 0.001267      | 0.001716    | 0.04857      | 32.45         | 0.009807     | 0.008974    | 0.004888       | 0.9869                 | 0.001166     | 136.89 | -480179.301267 |
| ALICEUSDT     | 0.001243      | 0.001709    | 0.06252      | 28.02         | 0.00999      | 0.01303     | 0.01234        | 0.8866                 | 0.005224     | 791.0  | -480179.301243 |
| ARPAUSDT      | 0.001243      | 0.001372    | 0.06215      | 41.15         | 0.01175      | 0.01121     | 0.02181        | 0.9373                 | 0.003419     | 619.85 | -480179.301243 |
| DOTUSDT       | 0.001236      | 0.001856    | 0.0682       | 93.57         | 0.009918     | 0.01347     | 0.03534        | 0.9157                 | 0.005312     | 791.0  | -480179.301236 |
| RENUSDT       | 0.001233      | 0.001359    | 0.06664      | 52.95         | 0.01944      | 0.01995     | 0.04525        | 0.8857                 | 0.007514     | 791.0  | -480179.301233 |
| WOOUSDT       | 0.001229      | 0.001591    | 0.04753      | 37.22         | 0.01124      | 0.01226     | 0.05492        | 0.925                  | 0.004732     | 448.85 | -480179.301229 |
| SFPUSDT       | 0.001229      | 0.001255    | 0.06588      | 55.9          | 0.01609      | 0.01746     | 0.01974        | 0.8865                 | 0.005673     | 791.0  | -480179.301229 |
| KAVAUSDT      | 0.001225      | 0.00156     | 0.04508      | 74.82         | 0.01413      | 0.01217     | 0.0983         | 0.9607                 | 0.002121     | 791.0  | -480179.301225 |
| CTSIUSDT      | 0.001223      | 0.001356    | 0.05341      | 52.43         | 0.01624      | 0.01909     | 0.03739        | 0.8955                 | 0.007334     | 612.85 | -480179.301223 |
| ZECUSDT       | 0.00122       | 0.001376    | 0.06833      | 79.9          | 0.01148      | 0.01112     | 0.01365        | 0.9377                 | 0.00382      | 791.0  | -480179.30122  |
| RUNEUSDT      | 0.00122       | 0.00197     | 0.06987      | 55.73         | 0.0133       | 0.01368     | 0.03511        | 0.9312                 | 0.004586     | 791.0  | -480179.30122  |
| SKLUSDT       | 0.001218      | 0.001819    | 0.06543      | 46.55         | 0.01387      | 0.01976     | 0.04048        | 0.8845                 | 0.008063     | 791.0  | -480179.301218 |
| SPELLUSDT     | 0.001216      | 0.001242    | 0.0633       | 48.0          | 0.009194     | 0.0106      | 0.01464        | 0.9559                 | 0.004134     | 297.5  | -480179.301216 |
| MINAUSDT      | 0.00121       | 0.001459    | 0.06268      | 40.4          | 0.007628     | 0.007259    | 0.0219         | 0.9769                 | 0.002218     | 143.54 | -480179.30121  |
| ALGOUSDT      | 0.001208      | 0.00134     | 0.05297      | 44.47         | 0.01001      | 0.01231     | 0.01821        | 0.9265                 | 0.004665     | 791.0  | -480179.301208 |
| AGIXUSDT      | 0.001205      | 0.001781    | 0.05231      | 23.58         | 0.0102       | 0.008494    | 0.007215       | 0.974                  | 0.002036     | 134.4  | -480179.301205 |
| ADAUSDT       | 0.001203      | 0.00137     | 0.06619      | 58.9          | 0.01183      | 0.01733     | 0.02475        | 0.9063                 | 0.007174     | 791.0  | -480179.301203 |
| TLMUSDT       | 0.001196      | 0.0009963   | 0.04607      | 23.93         | 0.007644     | 0.006564    | 0.01038        | 0.9865                 | 0.001218     | 92.48  | -480179.301196 |
| THETAUSDT     | 0.001181      | 0.001668    | 0.05949      | 43.7          | 0.01116      | 0.01731     | 0.01046        | 0.8737                 | 0.006843     | 791.0  | -480179.301181 |
| ENJUSDT       | 0.00118       | 0.001018    | 0.05654      | 58.7          | 0.01912      | 0.01834     | 0.03014        | 0.9356                 | 0.00284      | 791.0  | -480179.30118  |
| MKRUSDT       | 0.001178      | 0.001861    | 0.06902      | 75.87         | 0.01111      | 0.01354     | 0.05254        | 0.8984                 | 0.005563     | 791.0  | -480179.301178 |
| APEUSDT       | 0.001163      | 0.001605    | 0.05016      | 55.82         | 0.01083      | 0.01029     | 0.0425         | 0.9587                 | 0.002598     | 470.37 | -480179.301163 |
| LUNA2USDT     | 0.001153      | 0.001131    | 0.06064      | 37.9          | 0.01389      | 0.01409     | 0.03701        | 0.9428                 | 0.004802     | 293.87 | -480179.301153 |
| XMRUSDT       | 0.001152      | 0.001201    | 0.06981      | 43.22         | 0.009878     | 0.01019     | 0.008668       | 0.9486                 | 0.002516     | 791.0  | -480179.301152 |
| SSVUSDT       | 0.001134      | 0.001423    | 0.06199      | 21.13         | 0.01957      | 0.01559     | 0.05478        | 0.9692                 | 0.003155     | 126.5  | -480179.301134 |
| OGNUSDT       | 0.001131      | 0.001257    | 0.06475      | 52.17         | 0.01965      | 0.01962     | 0.0724         | 0.8862                 | 0.005355     | 791.0  | -480179.301131 |
| HBARUSDT      | 0.001127      | 0.001784    | 0.06922      | 56.63         | 0.01077      | 0.01243     | 0.01311        | 0.8998                 | 0.00501      | 791.0  | -480179.301127 |
| DGBUSDT       | 0.001105      | 0.00166     | 0.06962      | 47.42         | 0.01371      | 0.01926     | 0.05281        | 0.8605                 | 0.007549     | 791.0  | -480179.301105 |
| CKBUSDT       | 0.001104      | 0.001594    | 0.05551      | 41.38         | 0.01012      | 0.0101      | 0.02402        | 0.964                  | 0.003465     | 122.5  | -480179.301104 |
| TRUUSDT       | 0.001102      | 0.001447    | 0.04168      | 14.3          | 0.01074      | 0.009592    | 0.03155        | 0.9834                 | 0.001363     | 115.5  | -480179.301102 |
| REEFUSDT      | 0.001101      | 0.001539    | 0.05881      | 33.18         | 0.01066      | 0.01529     | 0.02692        | 0.9148                 | 0.006168     | 791.0  | -480179.301101 |
| ACHUSDT       | 0.001098      | 0.001426    | 0.045        | 36.28         | 0.01323      | 0.01065     | 0.01126        | 0.9643                 | 0.002832     | 128.39 | -480179.301098 |
| ONTUSDT       | 0.001087      | 0.001049    | 0.06418      | 46.65         | 0.01855      | 0.01489     | 0.06766        | 0.957                  | 0.003277     | 791.0  | -480179.301087 |
| ZILUSDT       | 0.001082      | 0.001431    | 0.05212      | 47.07         | 0.01014      | 0.0154      | 0.04075        | 0.915                  | 0.006065     | 791.0  | -480179.301082 |
| FTMUSDT       | 0.001078      | 0.001353    | 0.06194      | 65.58         | 0.0176       | 0.01796     | 0.06976        | 0.8817                 | 0.006        | 791.0  | -480179.301078 |
| SUSHIUSDT     | 0.001073      | 0.001752    | 0.06688      | 48.63         | 0.01001      | 0.01202     | 0.06731        | 0.9402                 | 0.005103     | 791.0  | -480179.301073 |
| CELOUSDT      | 0.001063      | 0.001379    | 0.05178      | 43.38         | 0.01076      | 0.01606     | 0.01871        | 0.8989                 | 0.00622      | 641.85 | -480179.301063 |
| JASMYUSDT     | 0.001062      | 0.001444    | 0.05475      | 61.27         | 0.01069      | 0.009246    | 0.04594        | 0.961                  | 0.002701     | 436.85 | -480179.301062 |
| XRPUSDT       | 0.001048      | 0.001727    | 0.06306      | 55.5          | 0.0114       | 0.01463     | 0.07313        | 0.9082                 | 0.006006     | 791.0  | -480179.301048 |
| PHBUSDT       | 0.001033      | 0.001319    | 0.0648       | 38.63         | 0.01183      | 0.0098      | 0.07177        | 0.977                  | 0.002332     | 134.39 | -480179.301033 |
| RSRUSDT       | 0.001011      | 0.001297    | 0.05485      | 63.33         | 0.01197      | 0.0137      | 0.02462        | 0.9345                 | 0.004895     | 791.0  | -480179.301011 |
| XLMUSDT       | 0.0009934     | 0.0008945   | 0.06844      | 52.12         | 0.01176      | 0.01368     | 0.04518        | 0.9359                 | 0.002588     | 791.0  | -480179.300993 |
| NEOUSDT       | 0.0009613     | 0.001246    | 0.06852      | 53.73         | 0.01096      | 0.01758     | 0.06962        | 0.878                  | 0.007336     | 791.0  | -480179.300961 |
| SNXUSDT       | 0.0009592     | 0.001509    | 0.05809      | 64.2          | 0.0136       | 0.01496     | 0.04025        | 0.9185                 | 0.005835     | 791.0  | -480179.300959 |
| FXSUSDT       | 0.0009595     | 0.0009486   | 0.05444      | 54.88         | 0.01041      | 0.00889     | 0.002273       | 0.9742                 | 0.002031     | 161.87 | -480179.300959 |
| ZENUSDT       | 0.0009536     | 0.001121    | 0.046        | 53.0          | 0.01844      | 0.01749     | 0.06601        | 0.8879                 | 0.005206     | 791.0  | -480179.300954 |
| DASHUSDT      | 0.0009457     | 0.001229    | 0.06257      | 43.53         | 0.01226      | 0.01289     | 0.04103        | 0.9209                 | 0.004794     | 791.0  | -480179.300946 |
| 1INCHUSDT     | 0.0009147     | 0.001168    | 0.05241      | 53.42         | 0.01292      | 0.01869     | 0.01026        | 0.9011                 | 0.006752     | 791.0  | -480179.300915 |
| GALAUSDT      | 0.0009097     | 0.001331    | 0.04121      | 61.33         | 0.01272      | 0.01549     | 0.009404       | 0.9127                 | 0.005567     | 650.85 | -480179.30091  |
| ROSEUSDT      | 0.0009087     | 0.001268    | 0.06314      | 23.58         | 0.01111      | 0.01489     | 0.04867        | 0.9161                 | 0.006235     | 546.85 | -480179.300909 |
| DARUSDT       | 0.0008998     | 0.001031    | 0.05852      | 36.38         | 0.009046     | 0.008919    | 0.006791       | 0.9676                 | 0.002124     | 427.85 | -480179.3009   |
| DUSKUSDT      | 0.0009033     | 0.001225    | 0.07         | 62.08         | 0.01172      | 0.01311     | 0.04942        | 0.9413                 | 0.005296     | 539.85 | -480179.300899 |
| AUDIOUSDT     | 0.0008957     | 0.001348    | 0.06845      | 52.78         | 0.01299      | 0.01179     | 0.02148        | 0.9338                 | 0.003995     | 680.85 | -480179.300896 |
| CVXUSDT       | 0.0008931     | 0.0008061   | 0.06473      | 59.07         | 0.01179      | 0.01117     | 0.05281        | 0.9682                 | 0.002814     | 281.49 | -480179.300893 |
| EOSUSDT       | 0.0008779     | 0.001076    | 0.06691      | 59.77         | 0.01368      | 0.01181     | 0.02338        | 0.9486                 | 0.003037     | 791.0  | -480179.300878 |
| ALPHAUSDT     | 0.0008728     | 0.00129     | 0.06502      | 28.78         | 0.01287      | 0.01823     | 0.07693        | 0.8606                 | 0.007642     | 791.0  | -480179.300873 |
| FLMUSDT       | 0.0008668     | 0.001289    | 0.06944      | 70.22         | 0.01926      | 0.0187      | 0.09947        | 0.9046                 | 0.007318     | 791.0  | -480179.300867 |
| ONEUSDT       | 0.0008631     | 0.001525    | 0.04529      | 47.08         | 0.01255      | 0.01579     | 0.09823        | 0.8791                 | 0.006001     | 791.0  | -480179.300863 |
| CHRUSDT       | 0.0008612     | 0.0015      | 0.06926      | 64.08         | 0.01499      | 0.01853     | 0.03002        | 0.9006                 | 0.007551     | 791.0  | -480179.300861 |
| CTKUSDT       | 0.0008569     | 0.001231    | 0.06317      | 66.2          | 0.0116       | 0.01188     | 0.0125         | 0.9159                 | 0.003878     | 791.0  | -480179.300857 |
| LINKUSDT      | 0.0008557     | 0.001345    | 0.05954      | 63.28         | 0.01057      | 0.01243     | 0.005055       | 0.9003                 | 0.004449     | 791.0  | -480179.300856 |
| CHZUSDT       | 0.0008486     | 0.001181    | 0.06456      | 59.35         | 0.01344      | 0.01748     | 0.015          | 0.9176                 | 0.006483     | 791.0  | -480179.300849 |
| GALUSDT       | 0.0008369     | 0.001192    | 0.06403      | 52.65         | 0.01285      | 0.01682     | 0.01721        | 0.9193                 | 0.006392     | 421.41 | -480179.300837 |
| LEVERUSDT     | 0.0008336     | 0.0008603   | 0.0581       | 44.68         | 0.008071     | 0.00746     | 0.01695        | 0.9774                 | 0.002154     | 92.49  | -480179.300834 |
| COMPUSDT      | 0.0008325     | 0.001011    | 0.05691      | 43.98         | 0.01483      | 0.01674     | 0.01988        | 0.8959                 | 0.005621     | 791.0  | -480179.300832 |
| SANDUSDT      | 0.0008311     | 0.00166     | 0.06534      | 71.22         | 0.01076      | 0.01557     | 0.04065        | 0.8908                 | 0.006263     | 791.0  | -480179.300831 |
| UNFIUSDT      | 0.0008152     | 0.0009905   | 0.03826      | 54.7          | 0.01692      | 0.01726     | 0.02126        | 0.8939                 | 0.004196     | 791.0  | -480179.300815 |
| IOSTUSDT      | 0.0008128     | 0.0008451   | 0.06332      | 44.47         | 0.01537      | 0.01532     | 0.09118        | 0.9034                 | 0.004876     | 791.0  | -480179.300813 |
| FILUSDT       | 0.0008087     | 0.0009279   | 0.06317      | 59.02         | 0.01802      | 0.01795     | 0.09146        | 0.9011                 | 0.006656     | 791.0  | -480179.300809 |
| ENSUSDT       | 0.0008047     | 0.0009586   | 0.06606      | 47.2          | 0.01592      | 0.01622     | 0.01993        | 0.922                  | 0.005564     | 577.85 | -480179.300805 |
| STGUSDT       | 0.0007998     | 0.0008954   | 0.0669       | 66.25         | 0.01533      | 0.01585     | 0.03991        | 0.9379                 | 0.005587     | 309.5  | -480179.3008   |
| IOTAUSDT      | 0.0007987     | 0.0009038   | 0.06263      | 56.65         | 0.01588      | 0.01955     | 0.02313        | 0.8885                 | 0.007254     | 791.0  | -480179.300799 |
| TRXUSDT       | 0.0007844     | 0.0008671   | 0.05728      | 38.55         | 0.007209     | 0.00871     | 0.03437        | 0.9181                 | 0.002746     | 791.0  | -480179.300784 |
| WAVESUSDT     | 0.0007802     | 0.001074    | 0.06862      | 44.88         | 0.01106      | 0.01727     | 0.04046        | 0.8939                 | 0.00761      | 791.0  | -480179.30078  |
| BALUSDT       | 0.0007685     | 0.0008275   | 0.06977      | 60.32         | 0.01707      | 0.01889     | 0.02739        | 0.8882                 | 0.00675      | 791.0  | -480179.300768 |
| ZRXUSDT       | 0.0007587     | 0.0007562   | 0.06676      | 47.45         | 0.01994      | 0.01969     | 0.0957         | 0.8872                 | 0.007046     | 791.0  | -480179.300759 |
| LRCUSDT       | 0.0007485     | 0.001016    | 0.03967      | 84.63         | 0.01058      | 0.01058     | 0.004396       | 0.9427                 | 0.002581     | 791.0  | -480179.300748 |
| API3USDT      | 0.000746      | 0.0008216   | 0.06197      | 49.62         | 0.0154       | 0.01647     | 0.07704        | 0.9573                 | 0.002738     | 493.85 | -480179.300746 |
| BLZUSDT       | 0.0007408     | 0.0009594   | 0.05622      | 56.02         | 0.01968      | 0.01985     | 0.03492        | 0.8926                 | 0.007142     | 791.0  | -480179.300741 |
| GMXUSDT       | 0.000704      | 0.0008424   | 0.05575      | 45.3          | 0.01783      | 0.01403     | 0.0821         | 0.9872                 | 0.001712     | 133.39 | -480179.300704 |
| EGLDUSDT      | 0.0006726     | 0.001547    | 0.0687       | 57.67         | 0.01096      | 0.0156      | 0.03949        | 0.8925                 | 0.006234     | 791.0  | -480179.300673 |
| ARUSDT        | 0.000671      | 0.001081    | 0.06159      | 59.98         | 0.01386      | 0.01597     | 0.02948        | 0.915                  | 0.0067       | 640.85 | -480179.300671 |
| ANTUSDT       | 0.0006676     | 0.001014    | 0.03404      | 68.28         | 0.01396      | 0.01289     | 0.009343       | 0.9542                 | 0.001886     | 550.83 | -480179.300668 |
| DYDXUSDT      | 0.0006439     | 0.0009376   | 0.03833      | 51.68         | 0.01289      | 0.01142     | 0.006935       | 0.9456                 | 0.003198     | 658.85 | -480179.300644 |
| LPTUSDT       | 0.0006405     | 0.0006983   | 0.06416      | 42.18         | 0.0167       | 0.019       | 0.04206        | 0.8918                 | 0.007547     | 596.85 | -480179.30064  |
| BATUSDT       | 0.0006321     | 0.001138    | 0.0697       | 46.58         | 0.01227      | 0.01795     | 0.07731        | 0.8744                 | 0.007545     | 791.0  | -480179.300632 |
| XEMUSDT       | 0.0006018     | 0.0008308   | 0.05036      | 57.17         | 0.009276     | 0.01749     | 0.03642        | 0.8941                 | 0.006825     | 791.0  | -480179.300602 |
| XTZUSDT       | 0.0007292     | 0.000925    | 0.07001      | 75.27         | 0.0134       | 0.0178      | 0.0187         | 0.9179                 | 0.007365     | 791.0  | -480179.300594 |
| ETCUSDT       | 0.0005737     | 0.001458    | 0.0641       | 55.38         | 0.009488     | 0.01067     | 0.06571        | 0.9395                 | 0.004662     | 791.0  | -480179.300574 |
| MASKUSDT      | 0.0005342     | 0.0007633   | 0.03266      | 57.72         | 0.01591      | 0.01768     | 0.03199        | 0.8916                 | 0.005656     | 672.85 | -480179.300534 |
| QTUMUSDT      | 0.0005156     | 0.0008936   | 0.06011      | 84.75         | 0.01825      | 0.01748     | 0.0859         | 0.8773                 | 0.005246     | 791.0  | -480179.300516 |
| FLOWUSDT      | 0.0004777     | 0.0005373   | 0.0401       | 53.9          | 0.01597      | 0.01487     | 0.06445        | 0.9581                 | 0.002564     | 505.85 | -480179.300478 |
| AVAXUSDT      | 0.0004596     | 0.001404    | 0.06516      | 48.23         | 0.01475      | 0.01459     | 0.06923        | 0.9141                 | 0.004666     | 791.0  | -480179.30046  |
| YFIUSDT       | 0.0003246     | 0.0007796   | 0.0383       | 69.32         | 0.01506      | 0.01513     | 0.02338        | 0.9082                 | 0.003387     | 791.0  | -480179.300325 |
| SXPUSDT       | 0.000264      | 0.0009255   | 0.02943      | 70.13         | 0.01452      | 0.01312     | 0.09555        | 0.9203                 | 0.003229     | 791.0  | -480179.300264 |
| JOEUSDT       | 0.000251      | 0.0005496   | 0.06155      | 42.6          | 0.01862      | 0.017       | 0.0619         | 0.9576                 | 0.00535      | 93.49  | -480179.300251 |
| 1000XECUSDT   | 0.0001558     | 0.0004996   | 0.04076      | 59.9          | 0.01519      | 0.01371     | 0.09324        | 0.9245                 | 0.002815     | 651.85 | -480179.300156 |
| STORJUSDT     | 0.0008498     | 0.001008    | 0.07177      | 66.75         | 0.0195       | 0.01677     | 0.07856        | 0.9154                 | 0.004571     | 791.0  | -480179.283127 |
| AAVEUSDT      | 0.0002199     | 0.0005567   | 0.03595      | 81.3          | 0.02011      | 0.01745     | 0.08949        | 0.939                  | 0.003297     | 791.0  | -480179.185413 |
| KNCUSDT       | 0.0005713     | 0.001106    | 0.0846       | 35.02         | 0.0149       | 0.02049     | 0.09374        | 0.8921                 | 0.009993     | 791.0  | -480174.277599 |
| C98USDT       | 0.0004563     | 0.001056    | 0.06998      | 47.23         | 0.01683      | 0.02077     | 0.07045        | 0.9166                 | 0.008396     | 675.85 | -480171.63383  |
| GTCUSDT       | 0.0001471     | 0.0003644   | 0.05439      | 59.72         | 0.0235       | 0.02045     | 0.1001         | 0.9289                 | 0.006484     | 749.85 | -480161.281907 |
| IOTXUSDT      | 0.0007069     | 0.0008173   | 0.0786       | 68.87         | 0.01784      | 0.02226     | 0.06162        | 0.881                  | 0.00881      | 687.85 | -480156.636938 |
| UNIUSDT       | 0.0002008     | 0.0003986   | 0.02082      | 56.3          | 0.01838      | 0.01596     | 0.1005         | 0.9865                 | 0.0007545    | 791.0  | -480130.836226 |
| BAKEUSDT      | 0.0003727     | 0.0004488   | 0.06131      | 58.03         | 0.02446      | 0.03768     | 0.1087         | 0.8449                 | 0.0144       | 772.71 | -479132.753459 |
| AXSUSDT       | 0.0005808     | 0.00156     | 0.08282      | 62.7          | 0.0169       | 0.02077     | 0.1131         | 0.9017                 | 0.00805      | 791.0  | -478859.883982 |
| GMTUSDT       | 0.0003189     | 0.001236    | 0.02676      | 52.23         | 0.01306      | 0.01384     | 0.141          | 0.9081                 | 0.003864     | 472.83 | -476082.884296 |
| KSMUSDT       | 0.0003754     | 0.00105     | 0.06054      | 48.35         | 0.01829      | 0.02254     | 0.1415         | 0.8617                 | 0.008524     | 791.0  | -476005.326123 |
| KLAYUSDT      | 0.001209      | 0.0008257   | 0.05863      | 65.27         | 0.01316      | 0.0131      | 0.1502         | 0.9331                 | 0.004319     | 626.85 | -475156.002458 |
+---------------+---------------+-------------+--------------+---------------+--------------+-------------+----------------+------------------------+--------------+--------+----------------+

+--------------------------------------------------------------------------------------------------------------------------------------------------------------------------------------------+
|                                                                                           short                                                                                            |
+---------------+---------------+-------------+--------------+---------------+--------------+-------------+----------------+------------------------+--------------+--------+----------------+
| symbol        | adg_w_per_exp | adg_per_exp | exp_rts_mean | hrs_stuck_max | pa_dist_mean | pa_dist_std | loss_profit_rt | eqbal_rt_10_worst_mean | eqbal_rt_std | n_days | score          |
+---------------+---------------+-------------+--------------+---------------+--------------+-------------+----------------+------------------------+--------------+--------+----------------+
| MAVUSDT       | 0.09962       | 0.04033     | 0.06086      | 13.83         | 0.004994     | 0.00445     | 0.00321        | 1.0                    | 0.0001033    | 1.5    | -230179.399621 |
| IDEXUSDT      | 0.004807      | 0.001698    | 0.06508      | 26.68         | 0.01467      | 0.01083     | 0.04381        | 0.9966                 | 0.0004852    | 58.5   | -230179.304807 |
| 1000FLOKIUSDT | 0.005338      | 0.00402     | 0.07007      | 30.85         | 0.005194     | 0.005195    | 0.03102        | 0.996                  | 0.0003971    | 55.31  | -230179.304656 |
| TRUUSDT       | 0.004643      | 0.003718    | 0.06599      | 74.08         | 0.00927      | 0.01251     | 0.01095        | 0.9717                 | 0.002066     | 115.5  | -230179.304643 |
| BLURUSDT      | 0.004157      | 0.002284    | 0.06394      | 42.72         | 0.01223      | 0.009994    | 0.01581        | 0.9956                 | 0.0005079    | 63.5   | -230179.304157 |
| UMAUSDT       | 0.003612      | 0.001791    | 0.04501      | 34.37         | 0.009604     | 0.007731    | 0.04747        | 0.995                  | 0.0005251    | 51.48  | -230179.303612 |
| AGIXUSDT      | 0.003429      | 0.003038    | 0.06689      | 78.62         | 0.01506      | 0.01194     | 0.004509       | 0.9925                 | 0.0006812    | 134.4  | -230179.303429 |
| RADUSDT       | 0.00299       | 0.003986    | 0.04946      | 37.65         | 0.007131     | 0.006002    | 0.004804       | 0.9966                 | 0.0003802    | 51.5   | -230179.30299  |
| RDNTUSDT      | 0.002987      | 0.002362    | 0.06648      | 38.57         | 0.009757     | 0.009026    | 0.001778       | 0.9927                 | 0.0006408    | 86.5   | -230179.302987 |
| COMBOUSDT     | 0.002853      | 0.00336     | 0.06666      | 13.4          | 0.01292      | 0.0105      | 0.04101        | 0.9975                 | 0.0004091    | 28.5   | -230179.302853 |
| 1000PEPEUSDT  | 0.002777      | 0.002384    | 0.02095      | 28.88         | 0.01248      | 0.01169     | 0.04644        | 0.9983                 | 0.0001772    | 56.31  | -230179.302777 |
| SSVUSDT       | 0.002695      | 0.002417    | 0.06891      | 76.78         | 0.01545      | 0.01239     | 0.03288        | 0.9894                 | 0.0008083    | 126.5  | -230179.302695 |
| AMBUSDT       | 0.002588      | 0.002327    | 0.03999      | 30.5          | 0.006445     | 0.005617    | 0.002866       | 0.9968                 | 0.0002781    | 92.5   | -230179.302588 |
| LEVERUSDT     | 0.00258       | 0.001355    | 0.06931      | 43.67         | 0.01149      | 0.009349    | 0.04813        | 0.9948                 | 0.0005915    | 92.49  | -230179.30258  |
| PHBUSDT       | 0.002523      | 0.002101    | 0.05709      | 49.68         | 0.01229      | 0.01258     | 0.0007715      | 0.9954                 | 0.0004608    | 134.39 | -230179.302523 |
| ACHUSDT       | 0.002491      | 0.00209     | 0.04584      | 67.75         | 0.01147      | 0.01219     | 0.03447        | 0.9958                 | 0.0003264    | 128.39 | -230179.302491 |
| HFTUSDT       | 0.002486      | 0.001941    | 0.06817      | 44.55         | 0.01012      | 0.00702     | 0.01835        | 0.9967                 | 0.0003737    | 85.5   | -230179.302486 |
| LQTYUSDT      | 0.002426      | 0.002199    | 0.04819      | 56.05         | 0.01629      | 0.01522     | 0.01935        | 0.9936                 | 0.0005508    | 112.5  | -230179.302426 |
| MINAUSDT      | 0.002414      | 0.002954    | 0.06871      | 28.38         | 0.006217     | 0.005694    | 0.01503        | 0.99                   | 0.0007146    | 143.54 | -230179.302414 |
| ASTRUSDT      | 0.002303      | 0.002026    | 0.05452      | 84.02         | 0.008453     | 0.008234    | 0.002591       | 0.9947                 | 0.0004621    | 136.89 | -230179.302303 |
| LUNA2USDT     | 0.002246      | 0.003775    | 0.05248      | 60.3          | 0.006382     | 0.008973    | 0.04026        | 0.9813                 | 0.001249     | 293.87 | -230179.302246 |
| EDUUSDT       | 0.002233      | 0.003015    | 0.06226      | 50.02         | 0.01646      | 0.01474     | 0.004264       | 0.9933                 | 0.0007259    | 61.5   | -230179.302233 |
| BNXUSDT       | 0.002166      | 0.002174    | 0.06285      | 69.85         | 0.01227      | 0.01039     | 0.006005       | 0.9921                 | 0.0006163    | 128.38 | -230179.302166 |
| TLMUSDT       | 0.002137      | 0.001781    | 0.06927      | 28.48         | 0.005936     | 0.005464    | 9.741e-05      | 0.9972                 | 0.0002877    | 92.48  | -230179.302137 |
| GMXUSDT       | 0.002068      | 0.001356    | 0.06945      | 61.77         | 0.01217      | 0.01116     | 0.01428        | 0.9954                 | 0.0004929    | 133.39 | -230179.302068 |
| KEYUSDT       | 0.002036      | 0.002527    | 0.05336      | 36.25         | 0.01569      | 0.01642     | 0.01524        | 0.9886                 | 0.001384     | 37.5   | -230179.302036 |
| JASMYUSDT     | 0.00201       | 0.002911    | 0.06867      | 63.8          | 0.009822     | 0.01084     | 0.02057        | 0.9795                 | 0.001457     | 436.85 | -230179.30201  |
| HIGHUSDT      | 0.001937      | 0.003201    | 0.06301      | 62.83         | 0.01214      | 0.01001     | 0.006019       | 0.9876                 | 0.001091     | 143.89 | -230179.301937 |
| RLCUSDT       | 0.001918      | 0.001961    | 0.06729      | 80.43         | 0.01507      | 0.01571     | 0.02538        | 0.98                   | 0.001274     | 791.0  | -230179.301918 |
| CKBUSDT       | 0.001868      | 0.001592    | 0.03981      | 30.77         | 0.006374     | 0.006772    | 0.02779        | 0.9979                 | 0.0001849    | 122.5  | -230179.301868 |
| CHZUSDT       | 0.001834      | 0.001875    | 0.0682       | 49.62         | 0.008054     | 0.008924    | 0.04785        | 0.9879                 | 0.0008545    | 791.0  | -230179.301834 |
| SKLUSDT       | 0.001797      | 0.002511    | 0.06342      | 46.28         | 0.01174      | 0.0111      | 0.02491        | 0.9754                 | 0.001331     | 791.0  | -230179.301797 |
| ANKRUSDT      | 0.001778      | 0.002071    | 0.06606      | 75.95         | 0.01241      | 0.01581     | 0.02609        | 0.9544                 | 0.002254     | 791.0  | -230179.301778 |
| TUSDT         | 0.001748      | 0.001416    | 0.06051      | 51.43         | 0.01065      | 0.01381     | 0.01672        | 0.9775                 | 0.001675     | 149.46 | -230179.301748 |
| CELRUSDT      | 0.001707      | 0.002337    | 0.06448      | 53.72         | 0.01142      | 0.01231     | 0.009708       | 0.9737                 | 0.001652     | 791.0  | -230179.301707 |
| GALUSDT       | 0.001683      | 0.002207    | 0.06036      | 59.25         | 0.01512      | 0.0157      | 0.01058        | 0.9774                 | 0.001216     | 421.41 | -230179.301683 |
| OGNUSDT       | 0.001642      | 0.002092    | 0.06722      | 60.0          | 0.01363      | 0.01552     | 0.02258        | 0.9554                 | 0.00204      | 791.0  | -230179.301642 |
| OCEANUSDT     | 0.001639      | 0.002003    | 0.06479      | 65.6          | 0.01536      | 0.01411     | 0.02575        | 0.9742                 | 0.001446     | 791.0  | -230179.301639 |
| LITUSDT       | 0.001625      | 0.002219    | 0.06717      | 79.85         | 0.01454      | 0.01392     | 0.01434        | 0.9729                 | 0.001652     | 791.0  | -230179.301625 |
| CHRUSDT       | 0.001602      | 0.001843    | 0.06956      | 83.43         | 0.01407      | 0.01603     | 0.0287         | 0.9543                 | 0.00185      | 791.0  | -230179.301602 |
| TRBUSDT       | 0.001589      | 0.002249    | 0.06459      | 78.78         | 0.01354      | 0.01358     | 0.008649       | 0.9709                 | 0.00145      | 791.0  | -230179.301589 |
| 1000LUNCUSDT  | 0.001574      | 0.001769    | 0.06476      | 49.25         | 0.01066      | 0.0161      | 0.01789        | 0.9574                 | 0.002573     | 294.46 | -230179.301574 |
| ALICEUSDT     | 0.001566      | 0.001634    | 0.06824      | 57.42         | 0.01631      | 0.01647     | 0.0167         | 0.9836                 | 0.0009976    | 791.0  | -230179.301566 |
| CFXUSDT       | 0.001537      | 0.001622    | 0.04952      | 39.65         | 0.01553      | 0.01737     | 0.002887       | 0.9919                 | 0.0007907    | 130.39 | -230179.301537 |
| HOOKUSDT      | 0.001532      | 0.001561    | 0.0589       | 54.93         | 0.01711      | 0.01635     | 0.0211         | 0.987                  | 0.001109     | 158.87 | -230179.301532 |
| IDUSDT        | 0.001511      | 0.0022      | 0.04579      | 24.68         | 0.01118      | 0.01291     | 0.01937        | 0.9821                 | 0.001642     | 99.39  | -230179.301511 |
| FETUSDT       | 0.001483      | 0.001998    | 0.02532      | 44.35         | 0.008953     | 0.007739    | 0.002306       | 0.9931                 | 0.0004023    | 164.89 | -230179.301483 |
| ENSUSDT       | 0.001479      | 0.001574    | 0.06706      | 81.68         | 0.01743      | 0.01827     | 0.04252        | 0.989                  | 0.0006978    | 577.85 | -230179.301479 |
| NKNUSDT       | 0.001476      | 0.001962    | 0.05677      | 90.4          | 0.01646      | 0.01747     | 0.03835        | 0.9493                 | 0.002609     | 791.0  | -230179.301476 |
| ARPAUSDT      | 0.001475      | 0.001303    | 0.06974      | 76.97         | 0.01633      | 0.01967     | 0.05139        | 0.9343                 | 0.002688     | 619.85 | -230179.301475 |
| SPELLUSDT     | 0.001467      | 0.00151     | 0.05779      | 84.08         | 0.00744      | 0.009911    | 0.0003778      | 0.9934                 | 0.0004376    | 297.5  | -230179.301467 |
| BLZUSDT       | 0.00146       | 0.001588    | 0.06975      | 69.3          | 0.01724      | 0.01647     | 0.01623        | 0.9874                 | 0.0007985    | 791.0  | -230179.30146  |
| LRCUSDT       | 0.001455      | 0.001761    | 0.06665      | 80.48         | 0.01662      | 0.01942     | 0.02009        | 0.9562                 | 0.002351     | 791.0  | -230179.301455 |
| RSRUSDT       | 0.001522      | 0.002124    | 0.07001      | 39.03         | 0.01228      | 0.01173     | 0.02721        | 0.9769                 | 0.001323     | 791.0  | -230179.301449 |
| INJUSDT       | 0.001433      | 0.001763    | 0.05063      | 40.58         | 0.01127      | 0.01029     | 0.0359         | 0.9858                 | 0.0008935    | 317.88 | -230179.301433 |
| CRVUSDT       | 0.001432      | 0.001791    | 0.06818      | 67.55         | 0.01456      | 0.01718     | 0.02486        | 0.9543                 | 0.0023       | 791.0  | -230179.301432 |
| XRPUSDT       | 0.001428      | 0.001623    | 0.06891      | 76.97         | 0.009322     | 0.01514     | 0.02181        | 0.9644                 | 0.002121     | 791.0  | -230179.301428 |
| SFPUSDT       | 0.001425      | 0.001438    | 0.06673      | 79.8          | 0.01493      | 0.01927     | 0.02441        | 0.9463                 | 0.001788     | 791.0  | -230179.301425 |
| FXSUSDT       | 0.001422      | 0.001243    | 0.06011      | 52.4          | 0.01768      | 0.01705     | 0.04547        | 0.9931                 | 0.0007662    | 161.87 | -230179.301422 |
| HOTUSDT       | 0.001408      | 0.001501    | 0.0692       | 59.02         | 0.01176      | 0.01235     | 0.01884        | 0.9781                 | 0.001316     | 791.0  | -230179.301408 |
| 1INCHUSDT     | 0.001396      | 0.001584    | 0.06555      | 75.27         | 0.01604      | 0.01651     | 0.04072        | 0.9773                 | 0.001453     | 791.0  | -230179.301396 |
| GRTUSDT       | 0.001393      | 0.001857    | 0.06734      | 49.4          | 0.01598      | 0.01766     | 0.05611        | 0.948                  | 0.002661     | 791.0  | -230179.301393 |
| ONEUSDT       | 0.001386      | 0.001743    | 0.06722      | 78.88         | 0.01522      | 0.0186      | 0.01334        | 0.9598                 | 0.00247      | 791.0  | -230179.301386 |
| REEFUSDT      | 0.001372      | 0.001876    | 0.06958      | 46.7          | 0.00796      | 0.01019     | 0.01131        | 0.976                  | 0.001333     | 791.0  | -230179.301372 |
| ZENUSDT       | 0.001363      | 0.001803    | 0.06926      | 61.85         | 0.0122       | 0.01241     | 0.02706        | 0.9649                 | 0.001442     | 791.0  | -230179.301363 |
| VETUSDT       | 0.001363      | 0.001396    | 0.0671       | 78.8          | 0.01409      | 0.01411     | 0.04379        | 0.9837                 | 0.0008605    | 791.0  | -230179.301363 |
| BATUSDT       | 0.00132       | 0.001371    | 0.06076      | 59.77         | 0.01404      | 0.01373     | 0.07464        | 0.9552                 | 0.001379     | 791.0  | -230179.30132  |
| SNXUSDT       | 0.001316      | 0.001511    | 0.06584      | 75.8          | 0.01733      | 0.01922     | 0.02738        | 0.9635                 | 0.002337     | 791.0  | -230179.301316 |
| ALPHAUSDT     | 0.001315      | 0.001438    | 0.06817      | 79.88         | 0.01863      | 0.01855     | 0.05184        | 0.9513                 | 0.002561     | 791.0  | -230179.301315 |
| CTKUSDT       | 0.00131       | 0.001621    | 0.0665       | 61.2          | 0.01256      | 0.01644     | 0.01959        | 0.9403                 | 0.0022       | 791.0  | -230179.30131  |
| STORJUSDT     | 0.001309      | 0.001797    | 0.06594      | 72.92         | 0.01399      | 0.0157      | 0.02127        | 0.9701                 | 0.001876     | 791.0  | -230179.301309 |
| FLMUSDT       | 0.001305      | 0.00136     | 0.06953      | 83.85         | 0.01712      | 0.01861     | 0.02797        | 0.9221                 | 0.002469     | 791.0  | -230179.301305 |
| ENJUSDT       | 0.001295      | 0.001686    | 0.06871      | 75.95         | 0.01581      | 0.01738     | 0.02544        | 0.9703                 | 0.002403     | 791.0  | -230179.301295 |
| NEOUSDT       | 0.00129       | 0.001291    | 0.06894      | 84.85         | 0.01482      | 0.01375     | 0.03014        | 0.9726                 | 0.001535     | 791.0  | -230179.30129  |
| API3USDT      | 0.001281      | 0.001418    | 0.05984      | 95.38         | 0.01575      | 0.0186      | 0.05748        | 0.9721                 | 0.002252     | 493.85 | -230179.301281 |
| MTLUSDT       | 0.001279      | 0.001234    | 0.06797      | 54.82         | 0.0177       | 0.01909     | 0.07311        | 0.9509                 | 0.002665     | 791.0  | -230179.301279 |
| SUSHIUSDT     | 0.001265      | 0.001889    | 0.06854      | 78.18         | 0.01323      | 0.01888     | 0.02407        | 0.9417                 | 0.002756     | 791.0  | -230179.301265 |
| 1000XECUSDT   | 0.001254      | 0.001506    | 0.06618      | 37.73         | 0.009613     | 0.01265     | 0.07559        | 0.9437                 | 0.002005     | 651.85 | -230179.301254 |
| CTSIUSDT      | 0.001251      | 0.00145     | 0.06366      | 62.63         | 0.01326      | 0.01573     | 0.07188        | 0.9645                 | 0.00217      | 612.85 | -230179.301251 |
| COTIUSDT      | 0.00125       | 0.001562    | 0.06562      | 88.07         | 0.01519      | 0.01491     | 0.0461         | 0.9774                 | 0.001245     | 791.0  | -230179.30125  |
| WOOUSDT       | 0.001249      | 0.00122     | 0.06186      | 71.02         | 0.01634      | 0.01447     | 0.03133        | 0.9776                 | 0.001301     | 448.85 | -230179.301249 |
| STMXUSDT      | 0.00124       | 0.001876    | 0.06533      | 71.47         | 0.01015      | 0.0121      | 0.007442       | 0.9706                 | 0.001655     | 791.0  | -230179.30124  |
| JOEUSDT       | 0.00124       | 0.001004    | 0.05685      | 69.03         | 0.01655      | 0.01542     | 0.02212        | 0.9913                 | 0.0008644    | 93.49  | -230179.30124  |
| ZRXUSDT       | 0.001235      | 0.001426    | 0.06967      | 72.75         | 0.01324      | 0.01449     | 0.0233         | 0.9609                 | 0.001797     | 791.0  | -230179.301235 |
| IOTXUSDT      | 0.001228      | 0.00133     | 0.06983      | 71.67         | 0.01622      | 0.01984     | 0.06682        | 0.964                  | 0.002663     | 687.85 | -230179.301228 |
| ARBUSDT       | 0.001222      | 0.001139    | 0.061        | 32.57         | 0.01503      | 0.01484     | 0.02628        | 0.994                  | 0.0006466    | 99.37  | -230179.301222 |
| SANDUSDT      | 0.00121       | 0.001538    | 0.06659      | 54.35         | 0.01676      | 0.0194      | 0.03314        | 0.9632                 | 0.001801     | 791.0  | -230179.30121  |
| KAVAUSDT      | 0.001209      | 0.00134     | 0.06929      | 57.43         | 0.01522      | 0.01971     | 0.04737        | 0.9417                 | 0.003134     | 791.0  | -230179.301209 |
| ICPUSDT       | 0.001188      | 0.001236    | 0.06502      | 50.73         | 0.01203      | 0.01443     | 0.06624        | 0.9717                 | 0.001878     | 276.89 | -230179.301188 |
| BELUSDT       | 0.001182      | 0.001356    | 0.06873      | 65.28         | 0.0182       | 0.01982     | 0.04724        | 0.9385                 | 0.002551     | 791.0  | -230179.301182 |
| DUSKUSDT      | 0.00118       | 0.001598    | 0.04919      | 81.15         | 0.01243      | 0.01192     | 0.03418        | 0.9794                 | 0.001039     | 539.85 | -230179.30118  |
| XEMUSDT       | 0.001169      | 0.001432    | 0.06788      | 64.92         | 0.009786     | 0.01482     | 0.0263         | 0.9569                 | 0.002415     | 791.0  | -230179.301169 |
| CELOUSDT      | 0.001162      | 0.001524    | 0.06139      | 77.72         | 0.01334      | 0.0127      | 0.02928        | 0.9779                 | 0.001193     | 641.85 | -230179.301162 |
| DENTUSDT      | 0.001157      | 0.001193    | 0.06911      | 72.0          | 0.0158       | 0.01828     | 0.03095        | 0.9623                 | 0.002319     | 791.0  | -230179.301157 |
| ETCUSDT       | 0.001142      | 0.001491    | 0.06827      | 61.5          | 0.01359      | 0.01978     | 0.05208        | 0.9609                 | 0.002899     | 791.0  | -230179.301142 |
| LPTUSDT       | 0.001139      | 0.001206    | 0.06143      | 87.75         | 0.01556      | 0.01994     | 0.03871        | 0.9638                 | 0.002676     | 596.85 | -230179.301139 |
| IOSTUSDT      | 0.001138      | 0.001203    | 0.06654      | 77.58         | 0.01371      | 0.01789     | 0.01881        | 0.9638                 | 0.00236      | 791.0  | -230179.301138 |
| DASHUSDT      | 0.001136      | 0.001144    | 0.06755      | 63.53         | 0.014        | 0.01268     | 0.03621        | 0.985                  | 0.001004     | 791.0  | -230179.301136 |
| IMXUSDT       | 0.001134      | 0.001337    | 0.04693      | 88.77         | 0.01881      | 0.01887     | 0.04209        | 0.9697                 | 0.001606     | 504.85 | -230179.301134 |
| DYDXUSDT      | 0.001108      | 0.001238    | 0.04769      | 50.35         | 0.01351      | 0.01306     | 0.01729        | 0.9867                 | 0.0007927    | 658.85 | -230179.301108 |
| MATICUSDT     | 0.001096      | 0.001419    | 0.06885      | 78.78         | 0.01558      | 0.01865     | 0.04015        | 0.9692                 | 0.002012     | 791.0  | -230179.301096 |
| DARUSDT       | 0.001087      | 0.001206    | 0.06787      | 49.73         | 0.01288      | 0.01837     | 0.04302        | 0.9672                 | 0.00261      | 427.85 | -230179.301087 |
| FLOWUSDT      | 0.001086      | 0.001196    | 0.04755      | 91.07         | 0.01278      | 0.01307     | 0.02453        | 0.9842                 | 0.000791     | 505.85 | -230179.301086 |
| XTZUSDT       | 0.001084      | 0.001559    | 0.06928      | 58.05         | 0.01294      | 0.01244     | 0.01311        | 0.9686                 | 0.001438     | 791.0  | -230179.301084 |
| COMPUSDT      | 0.001068      | 0.001041    | 0.06894      | 72.02         | 0.01932      | 0.0197      | 0.04395        | 0.9775                 | 0.001671     | 791.0  | -230179.301068 |
| ONTUSDT       | 0.001062      | 0.001088    | 0.06426      | 79.2          | 0.01507      | 0.01579     | 0.03078        | 0.9708                 | 0.001928     | 791.0  | -230179.301062 |
| ALGOUSDT      | 0.001062      | 0.001939    | 0.06848      | 66.85         | 0.01044      | 0.0121      | 0.06313        | 0.9597                 | 0.001807     | 791.0  | -230179.301062 |
| LDOUSDT       | 0.001049      | 0.001344    | 0.05703      | 44.6          | 0.01731      | 0.01799     | 0.07064        | 0.9777                 | 0.00164      | 281.5  | -230179.301049 |
| DGBUSDT       | 0.001047      | 0.001475    | 0.06714      | 79.22         | 0.01184      | 0.01759     | 0.01881        | 0.9582                 | 0.002667     | 791.0  | -230179.301047 |
| NEARUSDT      | 0.001023      | 0.001657    | 0.06522      | 81.48         | 0.01623      | 0.01833     | 0.04521        | 0.9664                 | 0.002196     | 791.0  | -230179.301023 |
| EOSUSDT       | 0.001014      | 0.001275    | 0.06865      | 77.23         | 0.01057      | 0.01487     | 0.02779        | 0.9519                 | 0.002247     | 791.0  | -230179.301014 |
| MKRUSDT       | 0.0009763     | 0.001411    | 0.06077      | 61.27         | 0.01222      | 0.0156      | 0.03067        | 0.9637                 | 0.002187     | 791.0  | -230179.300976 |
| FTMUSDT       | 0.0009724     | 0.001698    | 0.04976      | 58.87         | 0.01839      | 0.01796     | 0.04406        | 0.9714                 | 0.001397     | 791.0  | -230179.300972 |
| LINKUSDT      | 0.000971      | 0.001395    | 0.06751      | 75.95         | 0.01115      | 0.01115     | 0.02533        | 0.9705                 | 0.001389     | 791.0  | -230179.300971 |
| FILUSDT       | 0.0009703     | 0.001116    | 0.06281      | 85.25         | 0.01536      | 0.01853     | 0.04484        | 0.9509                 | 0.002138     | 791.0  | -230179.30097  |
| ZECUSDT       | 0.0009543     | 0.001057    | 0.06752      | 48.43         | 0.0124       | 0.01446     | 0.03616        | 0.9723                 | 0.001741     | 791.0  | -230179.300954 |
| STGUSDT       | 0.0009397     | 0.001381    | 0.0653       | 42.53         | 0.009284     | 0.01424     | 0.02409        | 0.9695                 | 0.002323     | 309.5  | -230179.30094  |
| QTUMUSDT      | 0.0009237     | 0.001182    | 0.06621      | 63.5          | 0.01396      | 0.017       | 0.04738        | 0.9561                 | 0.002534     | 791.0  | -230179.300924 |
| MANAUSDT      | 0.0009189     | 0.001451    | 0.06127      | 82.58         | 0.0131       | 0.01804     | 0.05441        | 0.9495                 | 0.002545     | 791.0  | -230179.300919 |
| OMGUSDT       | 0.0009132     | 0.001193    | 0.0684       | 80.58         | 0.01778      | 0.01943     | 0.0585         | 0.9627                 | 0.002631     | 791.0  | -230179.300913 |
| XLMUSDT       | 0.0008766     | 0.0009917   | 0.06842      | 46.55         | 0.01006      | 0.01116     | 0.02067        | 0.9757                 | 0.001429     | 791.0  | -230179.300877 |
| ADAUSDT       | 0.000863      | 0.00104     | 0.0643       | 81.32         | 0.01295      | 0.0144      | 0.05386        | 0.964                  | 0.001698     | 791.0  | -230179.300863 |
| RVNUSDT       | 0.0008575     | 0.001082    | 0.05101      | 78.3          | 0.01476      | 0.01494     | 0.02566        | 0.9722                 | 0.001397     | 791.0  | -230179.300857 |
| RNDRUSDT      | 0.000803      | 0.001197    | 0.04054      | 62.7          | 0.01857      | 0.01689     | 0.06627        | 0.9869                 | 0.0009846    | 147.89 | -230179.300803 |
| BAKEUSDT      | 0.0008022     | 0.001224    | 0.06915      | 54.9          | 0.01669      | 0.01952     | 0.08789        | 0.932                  | 0.003072     | 772.71 | -230179.300802 |
| RUNEUSDT      | 0.0007988     | 0.001446    | 0.0696       | 82.25         | 0.01605      | 0.01629     | 0.02491        | 0.9721                 | 0.001931     | 791.0  | -230179.300799 |
| ROSEUSDT      | 0.000796      | 0.001101    | 0.06939      | 67.83         | 0.01341      | 0.01916     | 0.03535        | 0.9597                 | 0.003012     | 546.85 | -230179.300796 |
| KLAYUSDT      | 0.0007832     | 0.0006978   | 0.06062      | 69.03         | 0.01448      | 0.01861     | 0.04925        | 0.9753                 | 0.001397     | 626.85 | -230179.300783 |
| ATOMUSDT      | 0.0007599     | 0.00136     | 0.05988      | 81.8          | 0.01311      | 0.01306     | 0.01906        | 0.9801                 | 0.001387     | 791.0  | -230179.30076  |
| DOGEUSDT      | 0.0007282     | 0.000883    | 0.04813      | 55.73         | 0.01439      | 0.01547     | 0.05151        | 0.9755                 | 0.001355     | 791.0  | -230179.300728 |
| TRXUSDT       | 0.0007197     | 0.0008823   | 0.06328      | 67.18         | 0.008287     | 0.01206     | 0.01963        | 0.9785                 | 0.00141      | 791.0  | -230179.30072  |
| THETAUSDT     | 0.0007114     | 0.001166    | 0.06927      | 78.42         | 0.01513      | 0.01723     | 0.06144        | 0.9658                 | 0.002582     | 791.0  | -230179.300711 |
| DOTUSDT       | 0.0007023     | 0.001152    | 0.06617      | 80.05         | 0.01329      | 0.01394     | 0.03645        | 0.9766                 | 0.001678     | 791.0  | -230179.300702 |
| SXPUSDT       | 0.0006931     | 0.0008085   | 0.04854      | 80.73         | 0.01648      | 0.01993     | 0.03666        | 0.98                   | 0.0007525    | 791.0  | -230179.300693 |
| UNFIUSDT      | 0.0006841     | 0.001663    | 0.05937      | 37.37         | 0.01804      | 0.01983     | 0.09191        | 0.8089                 | 0.006093     | 791.0  | -230179.300684 |
| ARUSDT        | 0.0006834     | 0.001161    | 0.05138      | 70.8          | 0.01706      | 0.0198      | 0.09523        | 0.9592                 | 0.002371     | 640.85 | -230179.300683 |
| HBARUSDT      | 0.000676      | 0.0008251   | 0.05048      | 60.08         | 0.01499      | 0.01759     | 0.06932        | 0.9647                 | 0.001945     | 791.0  | -230179.300676 |
| APEUSDT       | 0.0006219     | 0.001337    | 0.05302      | 94.83         | 0.01366      | 0.01554     | 0.04637        | 0.9661                 | 0.001875     | 470.37 | -230179.300622 |
| AUDIOUSDT     | 0.0006054     | 0.0008197   | 0.03327      | 88.05         | 0.01882      | 0.01906     | 0.03891        | 0.9738                 | 0.000916     | 680.85 | -230179.300605 |
| YFIUSDT       | 0.0005747     | 0.001459    | 0.0692       | 74.33         | 0.01491      | 0.017       | 0.09612        | 0.9336                 | 0.002194     | 791.0  | -230179.300575 |
| UNIUSDT       | 0.0004136     | 0.0009538   | 0.06953      | 71.28         | 0.01719      | 0.01842     | 0.08562        | 0.9609                 | 0.002252     | 791.0  | -230179.300414 |
| XMRUSDT       | 0.0004025     | 0.0004967   | 0.06195      | 63.4          | 0.01376      | 0.01603     | 0.08836        | 0.9732                 | 0.002112     | 791.0  | -230179.300402 |
| KNCUSDT       | 0.001109      | 0.001249    | 0.0703       | 54.2          | 0.01685      | 0.01689     | 0.03216        | 0.9772                 | 0.001454     | 791.0  | -230179.298134 |
| TOMOUSDT      | 0.001379      | 0.001207    | 0.07193      | 68.75         | 0.01493      | 0.0199      | 0.04782        | 0.9604                 | 0.003003     | 791.0  | -230179.282059 |
| RENUSDT       | 0.001767      | 0.001687    | 0.07258      | 78.65         | 0.01868      | 0.0182      | 0.04694        | 0.9538                 | 0.002328     | 791.0  | -230179.276015 |
| GTCUSDT       | 0.001005      | 0.0015      | 0.07285      | 89.72         | 0.01798      | 0.01992     | 0.06755        | 0.928                  | 0.003069     | 749.85 | -230179.272533 |
| ICXUSDT       | 0.001275      | 0.001274    | 0.07615      | 68.3          | 0.01625      | 0.01894     | 0.02864        | 0.9458                 | 0.002553     | 791.0  | -230179.239737 |
| IOTAUSDT      | 0.0007744     | 0.001129    | 0.07162      | 63.52         | 0.01077      | 0.02001     | 0.0931         | 0.9568                 | 0.003282     | 791.0  | -230179.214657 |
| CVXUSDT       | 0.0006972     | 0.0008802   | 0.08446      | 58.83         | 0.01539      | 0.01541     | 0.07945        | 0.9812                 | 0.0015       | 281.49 | -230179.156072 |
| QNTUSDT       | 0.0004575     | 0.001285    | 0.089        | 69.88         | 0.01193      | 0.01519     | 0.09677        | 0.9829                 | 0.002111     | 253.89 | -230179.110462 |
| STXUSDT       | 0.001703      | 0.001689    | 0.0989       | 32.77         | 0.01415      | 0.01758     | 0.03625        | 0.9896                 | 0.001306     | 129.39 | -230179.012675 |
| C98USDT       | 0.0005306     | 0.0007446   | 0.04665      | 51.95         | 0.01811      | 0.02079     | 0.08165        | 0.9316                 | 0.002727     | 675.85 | -230171.399675 |
| MAGICUSDT     | 0.0008667     | 0.001211    | 0.07901      | 82.8          | 0.01992      | 0.02089     | 0.06591        | 0.9667                 | 0.002854     | 156.87 | -230170.282927 |
| OPUSDT        | 0.0005278     | 0.000814    | 0.0631       | 40.37         | 0.02094      | 0.02102     | 0.07494        | 0.9786                 | 0.001906     | 394.41 | -230168.120931 |
| PEOPLEUSDT    | 0.00131       | 0.001257    | 0.05801      | 50.48         | 0.01816      | 0.02293     | 0.05513        | 0.9434                 | 0.002737     | 553.83 | -230149.988684 |
| ZILUSDT       | 0.0007732     | 0.00097     | 0.04899      | 56.03         | 0.01828      | 0.02342     | 0.05055        | 0.9712                 | 0.001175     | 791.0  | -230145.117472 |
| ANTUSDT       | 0.0007377     | 0.001281    | 0.07498      | 57.13         | 0.01734      | 0.02416     | 0.04652        | 0.9529                 | 0.003697     | 550.83 | -230137.651452 |
| LINAUSDT      | 0.0009602     | 0.0007648   | 0.04829      | 86.15         | 0.01836      | 0.02517     | 0.06432        | 0.9315                 | 0.003788     | 791.0  | -230127.630089 |
| BANDUSDT      | 0.0006722     | 0.0007748   | 0.0493       | 73.07         | 0.02228      | 0.02634     | 0.07981        | 0.9373                 | 0.002954     | 791.0  | -230113.649247 |
| WAVESUSDT     | 0.0007691     | 0.0008737   | 0.05382      | 62.98         | 0.02167      | 0.02712     | 0.06008        | 0.9624                 | 0.002142     | 791.0  | -230106.464628 |
| BALUSDT       | 0.001057      | 0.001723    | 0.1688       | 78.87         | 0.02559      | 0.04075     | 0.1012         | 0.9241                 | 0.008217     | 791.0  | -229845.26084  |
| GMTUSDT       | 0.0004741     | 0.0007333   | 0.04436      | 97.33         | 0.02675      | 0.03524     | 0.1021         | 0.9456                 | 0.003433     | 472.83 | -229680.993828 |
| MASKUSDT      | 0.0007513     | 0.0009942   | 0.04262      | 72.2          | 0.02828      | 0.02899     | 0.119          | 0.977                  | 0.001298     | 672.85 | -228185.533659 |
| EGLDUSDT      | 0.0008871     | 0.001295    | 0.1035       | 78.07         | 0.01927      | 0.02402     | 0.1318         | 0.9371                 | 0.003305     | 791.0  | -226954.917448 |
| GALAUSDT      | 0.0006057     | 0.0007485   | 0.04907      | 78.25         | 0.02768      | 0.054       | 0.1341         | 0.8984                 | 0.009351     | 650.85 | -226424.786204 |
| APTUSDT       | 0.000525      | 0.000538    | 0.06115      | 43.52         | 0.02384      | 0.03147     | 0.1809         | 0.9708                 | 0.002679     | 254.92 | -221969.63283  |
| KSMUSDT       | 0.001145      | 0.002017    | 0.165        | 78.68         | 0.02534      | 0.03275     | 0.1823         | 0.9416                 | 0.005343     | 791.0  | -221818.732035 |
| AAVEUSDT      | 0.000957      | 0.002005    | 0.1705       | 91.58         | 0.0249       | 0.02807     | 0.3262         | 0.9589                 | 0.003495     | 791.0  | -207477.520015 |
| AXSUSDT       | 0.001028      | 0.001661    | 0.1342       | 86.58         | 0.0384       | 0.04862     | 0.4252         | 0.9305                 | 0.00385      | 791.0  | -197353.498097 |
| AVAXUSDT      | 0.0005087     | 0.001154    | 0.1359       | 79.7          | 0.02664      | 0.02592     | 0.4555         | 0.9514                 | 0.003458     | 791.0  | -194566.240421 |
+---------------+---------------+-------------+--------------+---------------+--------------+-------------+----------------+------------------------+--------------+--------+----------------+

