results long best config no 7402
symbol               adg      PADmean  PADstd   lp_ratio score
ONTUSDT              0.000872 0.039906 0.023659 0.145302 0.054590
ALGOUSDT             0.000990 0.018225 0.022351 0.004989 0.054590
HBARUSDT             0.001067 0.016950 0.021968 0.006906 0.054590
ZRXUSDT              0.001161 0.020420 0.021553 0.047091 0.054590
AUDIOUSDT            0.001227 0.031057 0.030581 0.000000 0.054590
CVCUSDT              0.001231 0.031117 0.028293 0.009927 0.054590
ANKRUSDT             0.001236 0.017959 0.021728 0.000000 0.054590
DGBUSDT              0.001249 0.019305 0.022043 0.000000 0.054590
REEFUSDT             0.001263 0.017638 0.021340 0.000000 0.054590
1INCHUSDT            0.001288 0.023895 0.024455 0.036031 0.054590
GRTUSDT              0.001444 0.018640 0.022896 0.000000 0.054590
COTIUSDT             0.001481 0.018601 0.021856 0.000000 0.054590
SXPUSDT              0.001496 0.023337 0.022922 0.036676 0.054590
RSRUSDT              0.001550 0.025425 0.026386 0.012557 0.054590
ONEUSDT              0.001591 0.031767 0.031232 0.051633 0.054590
HOTUSDT              0.001779 0.018490 0.021931 0.000000 0.054590
means                0.001308 0.023296 0.024075 0.021944
results short best config no 7471
symbol               adg      PADmean  PADstd   lp_ratio score
DGBUSDT              0.001027 0.028881 0.016511 0.006993 0.053296
HBARUSDT             0.001031 0.012318 0.012058 0.000000 0.053296
AUDIOUSDT            0.001065 0.082570 0.039817 0.010175 0.053296
ONTUSDT              0.001174 0.011106 0.012588 0.000000 0.053296
REEFUSDT             0.001188 0.017316 0.013475 0.002582 0.053296
ALGOUSDT             0.001195 0.013393 0.013197 0.000591 0.053296
COTIUSDT             0.001332 0.037169 0.022410 0.008738 0.053296
1INCHUSDT            0.001381 0.012814 0.012480 0.000000 0.053296
SXPUSDT              0.001391 0.019220 0.014706 0.001116 0.053296
CVCUSDT              0.001497 0.030089 0.016183 0.010573 0.053296
HOTUSDT              0.001551 0.014607 0.012553 0.000000 0.053296
ANKRUSDT             0.001556 0.023874 0.014318 0.000814 0.053296
ZRXUSDT              0.001571 0.014611 0.013666 0.000000 0.053296
ONEUSDT              0.001581 0.014613 0.013017 0.000725 0.053296
GRTUSDT              0.001611 0.015403 0.013079 0.000000 0.053296
RSRUSDT              0.001653 0.049585 0.026063 0.005866 0.053296
means                0.001363 0.024848 0.016633 0.003011

sum adgs
ONTUSDT      0.002046
HBARUSDT     0.002098
ALGOUSDT     0.002186
DGBUSDT      0.002276
AUDIOUSDT    0.002292
REEFUSDT     0.002450
1INCHUSDT    0.002669
CVCUSDT      0.002727
ZRXUSDT      0.002732
ANKRUSDT     0.002792
COTIUSDT     0.002813
SXPUSDT      0.002887
GRTUSDT      0.003055
ONEUSDT      0.003172
RSRUSDT      0.003203
HOTUSDT      0.003330