+------------------------------------------------------------------------------------------------------------------------------------------------------------------------------------------------------+
|                                                                           long (config no. 19051, score -56012.5014374164)                                                                           |
+-----------------+---------------------------+---------------+------------------+-----------------+-------------------+------------------------------+-----------------+--------+---------------------+
| symbol          | adg_weighted_per_exposure | hrs_stuck_max | pa_distance_mean | pa_distance_std | loss_profit_ratio | eqbal_ratio_mean_of_10_worst | eqbal_ratio_std | n_days | score               |
+-----------------+---------------------------+---------------+------------------+-----------------+-------------------+------------------------------+-----------------+--------+---------------------+
| BELUSDT         | -0.001407                 | 62.57         | 0.02557          | 0.06136         | 1.897             | 0.5695                       | 0.02905         | 720.96 | -7903.550840132135  |
| TRBUSDT         | -0.0008005                | 94.33         | 0.02782          | 0.07412         | 1.265             | 0.5733                       | 0.03259         | 720.96 | -11063.34184164014  |
| UNFIUSDT        | 0.0002842                 | 61.7          | 0.02669          | 0.06556         | 1.499             | 0.5877                       | 0.03109         | 720.96 | -11653.699081834991 |
| FLMUSDT         | 0.000309                  | 73.48         | 0.02408          | 0.06462         | 1.253             | 0.5461                       | 0.02882         | 720.96 | -12229.406553483921 |
| SXPUSDT         | 0.0003628                 | 66.33         | 0.01971          | 0.05418         | 1.354             | 0.5906                       | 0.02467         | 720.96 | -19834.06868183967  |
| RUNEUSDT        | 0.0006427                 | 84.98         | 0.01915          | 0.04916         | 0.9647            | 0.5905                       | 0.02349         | 720.96 | -24895.38405790389  |
| RSRUSDT         | -0.0004504                | 53.58         | 0.01949          | 0.05063         | 0.9109            | 0.6107                       | 0.02353         | 720.96 | -27420.104463895022 |
| BLZUSDT         | -0.0003814                | 57.37         | 0.02052          | 0.04683         | 1.172             | 0.6383                       | 0.02324         | 720.96 | -27852.715544337305 |
| LITUSDT         | 0.00142                   | 60.25         | 0.02008          | 0.04482         | 0.8018            | 0.6349                       | 0.02231         | 720.96 | -32151.41670179588  |
| WAVESUSDT       | 0.001604                  | 62.45         | 0.01707          | 0.04404         | 0.7914            | 0.638                        | 0.02106         | 720.96 | -33818.10041668954  |
| LINAUSDT        | 0.0003083                 | 114.2         | 0.01803          | 0.03673         | 0.9587            | 0.6605                       | 0.01882         | 720.96 | -36461.18807834834  |
| FTMUSDT         | 0.001409                  | 65.78         | 0.01832          | 0.04403         | 0.6057            | 0.6575                       | 0.02153         | 720.96 | -37152.916075406494 |
| NEOUSDT         | 0.0006617                 | 64.28         | 0.01637          | 0.03607         | 1.276             | 0.6888                       | 0.01781         | 720.96 | -37305.635977243306 |
| CHRUSDT         | 0.0003367                 | 76.42         | 0.0176           | 0.03975         | 0.6856            | 0.6602                       | 0.01971         | 720.96 | -38454.916046807106 |
| RENUSDT         | -0.0014                   | 69.2          | 0.01748          | 0.03743         | 0.8245            | 0.6689                       | 0.01904         | 720.96 | -38606.51449721574  |
| BALUSDT         | 0.0003157                 | 72.03         | 0.0164           | 0.03292         | 1.248             | 0.7182                       | 0.01757         | 720.96 | -38953.98832293716  |
| ZRXUSDT         | -0.0005622                | 65.73         | 0.01667          | 0.03243         | 1.147             | 0.7457                       | 0.01741         | 720.96 | -40123.228703143046 |
| REEFUSDT        | 0.0001304                 | 79.35         | 0.01583          | 0.03621         | 0.7758            | 0.6687                       | 0.01765         | 720.96 | -40467.458135568886 |
| SNXUSDT         | 0.0001059                 | 60.23         | 0.01623          | 0.03524         | 0.7426            | 0.674                        | 0.01792         | 720.96 | -41062.05040843735  |
| TRXUSDT         | -0.0002102                | 198.7         | 0.01386          | 0.0295          | 1.18              | 0.7217                       | 0.01506         | 720.96 | -41123.19320714617  |
| KNCUSDT         | -0.0003125                | 89.5          | 0.01686          | 0.03542         | 0.8996            | 0.6989                       | 0.01806         | 720.96 | -41829.40640357045  |
| FILUSDT         | 0.001115                  | 62.2          | 0.0147           | 0.03605         | 0.8859            | 0.724                        | 0.01809         | 720.96 | -42050.830076238075 |
| AXSUSDT         | 0.000708                  | 63.92         | 0.01634          | 0.03513         | 0.8178            | 0.7045                       | 0.0186          | 720.96 | -42221.04728294104  |
| SFPUSDT         | 0.0006753                 | 62.58         | 0.01729          | 0.03505         | 0.7737            | 0.7531                       | 0.01868         | 720.96 | -42584.83380285479  |
| MTLUSDT         | 0.0005998                 | 75.57         | 0.01607          | 0.03349         | 0.7682            | 0.6845                       | 0.01679         | 720.96 | -42975.55114874366  |
| QTUMUSDT        | 0.00044                   | 86.82         | 0.01483          | 0.03163         | 0.8887            | 0.6932                       | 0.01579         | 720.96 | -43652.081609456916 |
| STMXUSDT        | 0.000498                  | 72.22         | 0.01638          | 0.03167         | 0.8708            | 0.7096                       | 0.01658         | 720.96 | -43719.409802264265 |
| GRTUSDT         | 0.001401                  | 76.5          | 0.01532          | 0.03558         | 0.4958            | 0.6698                       | 0.01703         | 720.96 | -43999.56445193184  |
| DGBUSDT         | 0.0006523                 | 82.82         | 0.01625          | 0.03546         | 0.7309            | 0.7004                       | 0.01709         | 720.96 | -44605.10089619891  |
| ZENUSDT         | 0.0008201                 | 85.58         | 0.01582          | 0.03338         | 0.6752            | 0.6978                       | 0.01701         | 720.96 | -45017.543214083125 |
| OGNUSDT         | 0.0005624                 | 69.35         | 0.01641          | 0.0328          | 0.6466            | 0.7363                       | 0.01701         | 720.96 | -45531.37527219521  |
| CRVUSDT         | 0.000635                  | 67.15         | 0.01511          | 0.03121         | 0.5406            | 0.6788                       | 0.01584         | 720.96 | -45639.409875929836 |
| XTZUSDT         | 0.0001586                 | 79.93         | 0.01344          | 0.0294          | 0.6743            | 0.6762                       | 0.01419         | 720.96 | -45690.445496656845 |
| ICXUSDT         | 0.0002357                 | 64.83         | 0.01526          | 0.02981         | 0.758             | 0.7317                       | 0.01543         | 720.96 | -45998.666574158626 |
| ENJUSDT         | 0.0004608                 | 72.25         | 0.01456          | 0.03376         | 0.4942            | 0.6829                       | 0.01614         | 720.96 | -46206.09477075017  |
| 1INCHUSDT       | 0.0006972                 | 60.65         | 0.01377          | 0.03193         | 0.4684            | 0.6742                       | 0.0153          | 720.96 | -46435.94255413997  |
| KAVAUSDT        | 0.0001569                 | 78.2          | 0.01462          | 0.0258          | 0.7766            | 0.7706                       | 0.01438         | 720.96 | -46860.92731759741  |
| CELRUSDT        | 0.0005561                 | 85.97         | 0.01623          | 0.02876         | 0.6146            | 0.738                        | 0.01584         | 720.96 | -47022.92216706773  |
| IOTAUSDT        | -0.0002413                | 78.13         | 0.01298          | 0.02815         | 0.6444            | 0.6777                       | 0.01329         | 720.96 | -47048.972933602345 |
| DEFIUSDT        | 0.0008613                 | 68.03         | 0.01415          | 0.02959         | 0.6246            | 0.6906                       | 0.01434         | 720.96 | -47481.70434802063  |
| EOSUSDT         | 0.000243                  | 93.63         | 0.01209          | 0.02805         | 0.5988            | 0.6742                       | 0.0128          | 720.96 | -47637.10125086388  |
| ZECUSDT         | 0.0007701                 | 95.52         | 0.01354          | 0.03053         | 0.517             | 0.6848                       | 0.01448         | 720.96 | -47836.27573478481  |
| ONTUSDT         | 0.0006533                 | 62.7          | 0.01379          | 0.02635         | 0.7392            | 0.7656                       | 0.01366         | 720.96 | -47961.628969293495 |
| BANDUSDT        | 0.001165                  | 61.03         | 0.01464          | 0.03155         | 0.4814            | 0.7213                       | 0.01588         | 720.96 | -48309.5281545303   |
| CTKUSDT         | 0.0009443                 | 83.72         | 0.01406          | 0.02879         | 0.5517            | 0.691                        | 0.01414         | 720.96 | -48454.75499870324  |
| THETAUSDT       | 0.001014                  | 66.27         | 0.01439          | 0.02905         | 0.5339            | 0.732                        | 0.01499         | 720.96 | -48676.467956306275 |
| EGLDUSDT        | 0.0008571                 | 65.92         | 0.01358          | 0.02621         | 0.5971            | 0.7569                       | 0.01374         | 720.96 | -49303.09122158286  |
| AAVEUSDT        | 0.0008204                 | 77.62         | 0.01389          | 0.02537         | 0.5659            | 0.7561                       | 0.01371         | 720.96 | -49638.96445848574  |
| XEMUSDT         | -0.0001239                | 104.8         | 0.01363          | 0.02443         | 0.6394            | 0.7651                       | 0.01279         | 720.96 | -49742.40770232963  |
| YFIUSDT         | 0.000768                  | 82.0          | 0.01324          | 0.02796         | 0.495             | 0.7305                       | 0.0142          | 720.96 | -49863.88445084964  |
| ZILUSDT         | 0.0005258                 | 89.93         | 0.01388          | 0.02374         | 0.6003            | 0.7788                       | 0.01297         | 720.96 | -50040.14714750105  |
| ATOMUSDT        | 0.0008955                 | 127.0         | 0.01222          | 0.02722         | 0.1896            | 0.6641                       | 0.01206         | 720.96 | -50047.15251569281  |
| ALICEUSDT       | 0.0004937                 | 77.1          | 0.01452          | 0.02913         | 0.4006            | 0.7202                       | 0.01492         | 720.96 | -50085.98192990491  |
| ALPHAUSDT       | -0.0003591                | 66.88         | 0.01379          | 0.02421         | 0.6172            | 0.7573                       | 0.01269         | 720.96 | -50153.427418477564 |
| BTCUSDT         | 0.000278                  | 309.9         | 0.01086          | 0.01205         | 0.6487            | 0.878                        | 0.006683        | 720.96 | -50386.49064485736  |
| ONEUSDT         | 0.001014                  | 66.22         | 0.01391          | 0.02704         | 0.4405            | 0.7397                       | 0.01401         | 720.96 | -50597.66022970455  |
| NEARUSDT        | 0.00038                   | 64.37         | 0.01368          | 0.02077         | 0.6287            | 0.8226                       | 0.01209         | 720.96 | -50638.449636250385 |
| SKLUSDT         | 0.001417                  | 67.32         | 0.01406          | 0.02661         | 0.4335            | 0.751                        | 0.01396         | 720.96 | -50711.647817679564 |
| XMRUSDT         | 0.0005761                 | 179.8         | 0.01277          | 0.02791         | 0.468             | 0.6995                       | 0.01258         | 720.96 | -50856.91703228525  |
| DENTUSDT        | 0.0008049                 | 114.2         | 0.01199          | 0.02824         | 0.2347            | 0.6772                       | 0.01259         | 720.96 | -50948.7586931465   |
| CHZUSDT         | 0.001288                  | 60.23         | 0.01359          | 0.03049         | 0.383             | 0.7195                       | 0.01423         | 720.96 | -50948.78555637607  |
| AVAXUSDT        | 0.0007175                 | 99.88         | 0.01365          | 0.02626         | 0.4206            | 0.721                        | 0.01376         | 720.96 | -51002.404400505526 |
| STORJUSDT       | 0.0006623                 | 65.18         | 0.01341          | 0.02272         | 0.5529            | 0.7925                       | 0.01239         | 720.96 | -51097.07169882     |
| COTIUSDT        | 0.001287                  | 66.2          | 0.01387          | 0.02678         | 0.4286            | 0.7213                       | 0.0136          | 720.96 | -51120.2201383953   |
| VETUSDT         | 0.0009067                 | 73.4          | 0.01288          | 0.02726         | 0.4529            | 0.7122                       | 0.01326         | 720.96 | -51225.948832000235 |
| NKNUSDT         | 0.001019                  | 86.48         | 0.01381          | 0.02576         | 0.4205            | 0.7603                       | 0.01348         | 720.96 | -51322.50548370577  |
| RLCUSDT         | -0.0004141                | 71.18         | 0.01316          | 0.02721         | 0.4314            | 0.6938                       | 0.01266         | 720.96 | -51414.45350062292  |
| LRCUSDT         | 0.001489                  | 73.42         | 0.01338          | 0.02636         | 0.3274            | 0.7171                       | 0.01354         | 720.96 | -52199.78059692277  |
| MATICUSDT       | 0.001035                  | 81.87         | 0.01337          | 0.02344         | 0.4208            | 0.7799                       | 0.01257         | 720.96 | -52237.27129656212  |
| ETCUSDT         | 0.000709                  | 62.42         | 0.01218          | 0.0222          | 0.5234            | 0.7633                       | 0.01152         | 720.96 | -52255.17757989849  |
| OMGUSDT         | 0.0007932                 | 68.6          | 0.01314          | 0.02499         | 0.4091            | 0.7439                       | 0.01267         | 720.96 | -52255.89806743585  |
| IOSTUSDT        | 0.0007701                 | 79.83         | 0.01213          | 0.02536         | 0.4208            | 0.7157                       | 0.0121          | 720.96 | -52704.835476499415 |
| KSMUSDT         | 0.0008991                 | 81.38         | 0.0128           | 0.01903         | 0.5169            | 0.7939                       | 0.0107          | 720.96 | -53144.38571816443  |
| DASHUSDT        | 0.001032                  | 91.97         | 0.01217          | 0.02031         | 0.5067            | 0.7748                       | 0.01052         | 720.96 | -53429.62312148983  |
| TOMOUSDT        | 0.001382                  | 91.47         | 0.0133           | 0.02332         | 0.3564            | 0.7704                       | 0.01197         | 720.96 | -53477.50547114326  |
| ALGOUSDT        | 0.0007224                 | 64.45         | 0.01232          | 0.0239          | 0.3225            | 0.7367                       | 0.01193         | 720.96 | -53852.950476901875 |
| BCHUSDT         | 0.0006344                 | 87.53         | 0.01135          | 0.01829         | 0.5104            | 0.7896                       | 0.009616        | 720.96 | -53908.85217854857  |
| COMPUSDT        | 0.0009832                 | 81.63         | 0.01276          | 0.01969         | 0.3882            | 0.7872                       | 0.01074         | 720.96 | -54394.35228130513  |
| XLMUSDT         | 0.0004631                 | 109.2         | 0.01151          | 0.02109         | 0.4254            | 0.7721                       | 0.009934        | 720.96 | -54626.339323483764 |
| BNBUSDT         | 0.0003661                 | 184.2         | 0.0103           | 0.01856         | 0.338             | 0.7603                       | 0.008722        | 720.96 | -54750.576079959    |
| LINKUSDT        | 0.0009037                 | 114.2         | 0.01187          | 0.02085         | 0.3249            | 0.7531                       | 0.01063         | 720.96 | -54947.50540447911  |
| LTCUSDT         | 0.0008109                 | 100.2         | 0.01086          | 0.02034         | 0.3986            | 0.7653                       | 0.009998        | 720.96 | -54984.23230721192  |
| MKRUSDT         | 0.0008608                 | 83.35         | 0.01202          | 0.01645         | 0.3939            | 0.8193                       | 0.008922        | 720.96 | -55073.13647425188  |
| HOTUSDT         | 0.001113                  | 71.42         | 0.01113          | 0.02472         | 0.1352            | 0.7134                       | 0.01085         | 720.96 | -55166.34920154429  |
| BATUSDT         | 0.0002334                 | 72.08         | 0.01198          | 0.01829         | 0.38              | 0.7919                       | 0.009732        | 720.96 | -55212.57352648631  |
| ETHUSDT         | 0.0004264                 | 163.9         | 0.009282         | 0.008011        | 0.1597            | 0.9449                       | 0.002873        | 720.96 | -55333.50042637273  |
| RVNUSDT         | 0.0003072                 | 81.43         | 0.01146          | 0.01932         | 0.3369            | 0.7721                       | 0.009559        | 720.96 | -55643.76580420145  |
| XRPUSDT         | 0.0007017                 | 132.0         | 0.008779         | 0.01373         | 0.09253           | 0.8062                       | 0.006331        | 720.96 | -55652.33403507632  |
| ADAUSDT         | 0.0007393                 | 111.4         | 0.009847         | 0.01292         | 0.2039            | 0.8547                       | 0.006395        | 720.96 | -55858.16740596926  |
| UNIUSDT         | 0.0007032                 | 101.7         | 0.01136          | 0.01875         | 0.2688            | 0.7708                       | 0.009271        | 720.96 | -55955.33403650648  |
| DOTUSDT         | 0.0008204                 | 95.92         | 0.01013          | 0.01433         | 0.137             | 0.7921                       | 0.006737        | 720.96 | -56012.500820404166 |
| -> HBARUSDT     | 0.001169                  | 80.22         | 0.01052          | 0.01323         | 0.1833            | 0.8365                       | 0.006511        | 720.96 | -56012.50116909751  |
| -> 1000SHIBUSDT | 0.001194                  | 75.9          | 0.009457         | 0.02171         | 0.02915           | 0.729                        | 0.00985         | 711.25 | -56012.5011938221   |
| -> MANAUSDT     | 0.001264                  | 90.52         | 0.01051          | 0.01647         | 0.1329            | 0.7846                       | 0.00804         | 720.96 | -56012.50126370098  |
| -> DOGEUSDT     | 0.001285                  | 75.9          | 0.009814         | 0.01714         | 0.1655            | 0.7931                       | 0.008596        | 720.96 | -56012.50128545148  |
| -> SANDUSDT     | 0.00141                   | 73.48         | 0.01052          | 0.01771         | 0.0928            | 0.7794                       | 0.008915        | 720.96 | -56012.50141045566  |
| -> SUSHIUSDT    | 0.001419                  | 63.25         | 0.01165          | 0.01757         | 0.2059            | 0.7651                       | 0.008949        | 720.96 | -56012.50141948908  |
| -> ANKRUSDT     | 0.001471                  | 71.17         | 0.01182          | 0.01849         | 0.2702            | 0.7975                       | 0.009592        | 720.96 | -56012.50147149831  |
| -> SOLUSDT      | 0.001836                  | 60.35         | 0.01069          | 0.01411         | 0.09104           | 0.8588                       | 0.007634        | 720.96 | -56012.501835767514 |
| -> OCEANUSDT    | 0.001887                  | 56.37         | 0.01222          | 0.01831         | 0.1942            | 0.7982                       | 0.009473        | 720.96 | -56012.50188746455  |
| mean            | 0.001437                  | 71.91         | 0.0108           | 0.01719         | 0.1517            | 0.7936                       | 0.008618        | 720.86 | -56012.50143741635  |
+-----------------+---------------------------+---------------+------------------+-----------------+-------------------+------------------------------+-----------------+--------+---------------------+

+-------------------------------------------------------------------------------------------------------------------------------------------------------------------------------------------+
|                                                                            short (config no. 2, score -18040.0)                                                                           |
+-----------------+---------------------------+---------------+------------------+-----------------+-------------------+------------------------------+-----------------+--------+----------+
| symbol          | adg_weighted_per_exposure | hrs_stuck_max | pa_distance_mean | pa_distance_std | loss_profit_ratio | eqbal_ratio_mean_of_10_worst | eqbal_ratio_std | n_days | score    |
+-----------------+---------------------------+---------------+------------------+-----------------+-------------------+------------------------------+-----------------+--------+----------+
| -> 1000SHIBUSDT | 0.0                       | nan           | 100.0            | 1.0             | 1.0               | 1.0                          | 0.0             | 711.25 | -18040.0 |
| -> ADAUSDT      | 0.0                       | nan           | 100.0            | 1.0             | 1.0               | 1.0                          | 0.0             | 720.96 | -18040.0 |
| -> AAVEUSDT     | 0.0                       | nan           | 100.0            | 1.0             | 1.0               | 1.0                          | 0.0             | 720.96 | -18040.0 |
| -> ANKRUSDT     | 0.0                       | nan           | 100.0            | 1.0             | 1.0               | 1.0                          | 0.0             | 720.96 | -18040.0 |
| -> ALPHAUSDT    | 0.0                       | nan           | 100.0            | 1.0             | 1.0               | 1.0                          | 0.0             | 720.96 | -18040.0 |
| -> ALGOUSDT     | 0.0                       | nan           | 100.0            | 1.0             | 1.0               | 1.0                          | 0.0             | 720.96 | -18040.0 |
| -> AVAXUSDT     | 0.0                       | nan           | 100.0            | 1.0             | 1.0               | 1.0                          | 0.0             | 720.96 | -18040.0 |
| -> BALUSDT      | 0.0                       | nan           | 100.0            | 1.0             | 1.0               | 1.0                          | 0.0             | 720.96 | -18040.0 |
| -> 1INCHUSDT    | 0.0                       | nan           | 100.0            | 1.0             | 1.0               | 1.0                          | 0.0             | 720.96 | -18040.0 |
| AXSUSDT         | 0.0                       | nan           | 100.0            | 1.0             | 1.0               | 1.0                          | 0.0             | 720.96 | -18040.0 |
| BANDUSDT        | 0.0                       | nan           | 100.0            | 1.0             | 1.0               | 1.0                          | 0.0             | 720.96 | -18040.0 |
| ALICEUSDT       | 0.0                       | nan           | 100.0            | 1.0             | 1.0               | 1.0                          | 0.0             | 720.96 | -18040.0 |
| ATOMUSDT        | 0.0                       | nan           | 100.0            | 1.0             | 1.0               | 1.0                          | 0.0             | 720.96 | -18040.0 |
| BNBUSDT         | 0.0                       | nan           | 100.0            | 1.0             | 1.0               | 1.0                          | 0.0             | 720.96 | -18040.0 |
| BATUSDT         | 0.0                       | nan           | 100.0            | 1.0             | 1.0               | 1.0                          | 0.0             | 720.96 | -18040.0 |
| BLZUSDT         | 0.0                       | nan           | 100.0            | 1.0             | 1.0               | 1.0                          | 0.0             | 720.96 | -18040.0 |
| BELUSDT         | 0.0                       | nan           | 100.0            | 1.0             | 1.0               | 1.0                          | 0.0             | 720.96 | -18040.0 |
| CHRUSDT         | 0.0                       | nan           | 100.0            | 1.0             | 1.0               | 1.0                          | 0.0             | 720.96 | -18040.0 |
| CELRUSDT        | 0.0                       | nan           | 100.0            | 1.0             | 1.0               | 1.0                          | 0.0             | 720.96 | -18040.0 |
| COTIUSDT        | 0.0                       | nan           | 100.0            | 1.0             | 1.0               | 1.0                          | 0.0             | 720.96 | -18040.0 |
| CHZUSDT         | 0.0                       | nan           | 100.0            | 1.0             | 1.0               | 1.0                          | 0.0             | 720.96 | -18040.0 |
| CTKUSDT         | 0.0                       | nan           | 100.0            | 1.0             | 1.0               | 1.0                          | 0.0             | 720.96 | -18040.0 |
| BTCUSDT         | 0.0                       | nan           | 100.0            | 1.0             | 1.0               | 1.0                          | 0.0             | 720.96 | -18040.0 |
| BCHUSDT         | 0.0                       | nan           | 100.0            | 1.0             | 1.0               | 1.0                          | 0.0             | 720.96 | -18040.0 |
| CRVUSDT         | 0.0                       | nan           | 100.0            | 1.0             | 1.0               | 1.0                          | 0.0             | 720.96 | -18040.0 |
| COMPUSDT        | 0.0                       | nan           | 100.0            | 1.0             | 1.0               | 1.0                          | 0.0             | 720.96 | -18040.0 |
| DASHUSDT        | 0.0                       | nan           | 100.0            | 1.0             | 1.0               | 1.0                          | 0.0             | 720.96 | -18040.0 |
| DEFIUSDT        | 0.0                       | nan           | 100.0            | 1.0             | 1.0               | 1.0                          | 0.0             | 720.96 | -18040.0 |
| DENTUSDT        | 0.0                       | nan           | 100.0            | 1.0             | 1.0               | 1.0                          | 0.0             | 720.96 | -18040.0 |
| DGBUSDT         | 0.0                       | nan           | 100.0            | 1.0             | 1.0               | 1.0                          | 0.0             | 720.96 | -18040.0 |
| DOGEUSDT        | 0.0                       | nan           | 100.0            | 1.0             | 1.0               | 1.0                          | 0.0             | 720.96 | -18040.0 |
| ETCUSDT         | 0.0                       | nan           | 100.0            | 1.0             | 1.0               | 1.0                          | 0.0             | 720.96 | -18040.0 |
| DOTUSDT         | 0.0                       | nan           | 100.0            | 1.0             | 1.0               | 1.0                          | 0.0             | 720.96 | -18040.0 |
| ENJUSDT         | 0.0                       | nan           | 100.0            | 1.0             | 1.0               | 1.0                          | 0.0             | 720.96 | -18040.0 |
| ETHUSDT         | 0.0                       | nan           | 100.0            | 1.0             | 1.0               | 1.0                          | 0.0             | 720.96 | -18040.0 |
| EOSUSDT         | 0.0                       | nan           | 100.0            | 1.0             | 1.0               | 1.0                          | 0.0             | 720.96 | -18040.0 |
| EGLDUSDT        | 0.0                       | nan           | 100.0            | 1.0             | 1.0               | 1.0                          | 0.0             | 720.96 | -18040.0 |
| FILUSDT         | 0.0                       | nan           | 100.0            | 1.0             | 1.0               | 1.0                          | 0.0             | 720.96 | -18040.0 |
| HBARUSDT        | 0.0                       | nan           | 100.0            | 1.0             | 1.0               | 1.0                          | 0.0             | 720.96 | -18040.0 |
| GRTUSDT         | 0.0                       | nan           | 100.0            | 1.0             | 1.0               | 1.0                          | 0.0             | 720.96 | -18040.0 |
| FLMUSDT         | 0.0                       | nan           | 100.0            | 1.0             | 1.0               | 1.0                          | 0.0             | 720.96 | -18040.0 |
| HOTUSDT         | 0.0                       | nan           | 100.0            | 1.0             | 1.0               | 1.0                          | 0.0             | 720.96 | -18040.0 |
| IOSTUSDT        | 0.0                       | nan           | 100.0            | 1.0             | 1.0               | 1.0                          | 0.0             | 720.96 | -18040.0 |
| ICXUSDT         | 0.0                       | nan           | 100.0            | 1.0             | 1.0               | 1.0                          | 0.0             | 720.96 | -18040.0 |
| IOTAUSDT        | 0.0                       | nan           | 100.0            | 1.0             | 1.0               | 1.0                          | 0.0             | 720.96 | -18040.0 |
| FTMUSDT         | 0.0                       | nan           | 100.0            | 1.0             | 1.0               | 1.0                          | 0.0             | 720.96 | -18040.0 |
| KAVAUSDT        | 0.0                       | nan           | 100.0            | 1.0             | 1.0               | 1.0                          | 0.0             | 720.96 | -18040.0 |
| KSMUSDT         | 0.0                       | nan           | 100.0            | 1.0             | 1.0               | 1.0                          | 0.0             | 720.96 | -18040.0 |
| LITUSDT         | 0.0                       | nan           | 100.0            | 1.0             | 1.0               | 1.0                          | 0.0             | 720.96 | -18040.0 |
| LRCUSDT         | 0.0                       | nan           | 100.0            | 1.0             | 1.0               | 1.0                          | 0.0             | 720.96 | -18040.0 |
| LTCUSDT         | 0.0                       | nan           | 100.0            | 1.0             | 1.0               | 1.0                          | 0.0             | 720.96 | -18040.0 |
| KNCUSDT         | 0.0                       | nan           | 100.0            | 1.0             | 1.0               | 1.0                          | 0.0             | 720.96 | -18040.0 |
| LINAUSDT        | 0.0                       | nan           | 100.0            | 1.0             | 1.0               | 1.0                          | 0.0             | 720.96 | -18040.0 |
| MATICUSDT       | 0.0                       | nan           | 100.0            | 1.0             | 1.0               | 1.0                          | 0.0             | 720.96 | -18040.0 |
| LINKUSDT        | 0.0                       | nan           | 100.0            | 1.0             | 1.0               | 1.0                          | 0.0             | 720.96 | -18040.0 |
| MKRUSDT         | 0.0                       | nan           | 100.0            | 1.0             | 1.0               | 1.0                          | 0.0             | 720.96 | -18040.0 |
| MTLUSDT         | 0.0                       | nan           | 100.0            | 1.0             | 1.0               | 1.0                          | 0.0             | 720.96 | -18040.0 |
| NEARUSDT        | 0.0                       | nan           | 100.0            | 1.0             | 1.0               | 1.0                          | 0.0             | 720.96 | -18040.0 |
| MANAUSDT        | 0.0                       | nan           | 100.0            | 1.0             | 1.0               | 1.0                          | 0.0             | 720.96 | -18040.0 |
| NEOUSDT         | 0.0                       | nan           | 100.0            | 1.0             | 1.0               | 1.0                          | 0.0             | 720.96 | -18040.0 |
| NKNUSDT         | 0.0                       | nan           | 100.0            | 1.0             | 1.0               | 1.0                          | 0.0             | 720.96 | -18040.0 |
| OCEANUSDT       | 0.0                       | nan           | 100.0            | 1.0             | 1.0               | 1.0                          | 0.0             | 720.96 | -18040.0 |
| OMGUSDT         | 0.0                       | nan           | 100.0            | 1.0             | 1.0               | 1.0                          | 0.0             | 720.96 | -18040.0 |
| QTUMUSDT        | 0.0                       | nan           | 100.0            | 1.0             | 1.0               | 1.0                          | 0.0             | 720.96 | -18040.0 |
| ONEUSDT         | 0.0                       | nan           | 100.0            | 1.0             | 1.0               | 1.0                          | 0.0             | 720.96 | -18040.0 |
| ONTUSDT         | 0.0                       | nan           | 100.0            | 1.0             | 1.0               | 1.0                          | 0.0             | 720.96 | -18040.0 |
| OGNUSDT         | 0.0                       | nan           | 100.0            | 1.0             | 1.0               | 1.0                          | 0.0             | 720.96 | -18040.0 |
| REEFUSDT        | 0.0                       | nan           | 100.0            | 1.0             | 1.0               | 1.0                          | 0.0             | 720.96 | -18040.0 |
| RENUSDT         | 0.0                       | nan           | 100.0            | 1.0             | 1.0               | 1.0                          | 0.0             | 720.96 | -18040.0 |
| RLCUSDT         | 0.0                       | nan           | 100.0            | 1.0             | 1.0               | 1.0                          | 0.0             | 720.96 | -18040.0 |
| RSRUSDT         | 0.0                       | nan           | 100.0            | 1.0             | 1.0               | 1.0                          | 0.0             | 720.96 | -18040.0 |
| RVNUSDT         | 0.0                       | nan           | 100.0            | 1.0             | 1.0               | 1.0                          | 0.0             | 720.96 | -18040.0 |
| SANDUSDT        | 0.0                       | nan           | 100.0            | 1.0             | 1.0               | 1.0                          | 0.0             | 720.96 | -18040.0 |
| SNXUSDT         | 0.0                       | nan           | 100.0            | 1.0             | 1.0               | 1.0                          | 0.0             | 720.96 | -18040.0 |
| RUNEUSDT        | 0.0                       | nan           | 100.0            | 1.0             | 1.0               | 1.0                          | 0.0             | 720.96 | -18040.0 |
| STORJUSDT       | 0.0                       | nan           | 100.0            | 1.0             | 1.0               | 1.0                          | 0.0             | 720.96 | -18040.0 |
| SFPUSDT         | 0.0                       | nan           | 100.0            | 1.0             | 1.0               | 1.0                          | 0.0             | 720.96 | -18040.0 |
| SKLUSDT         | 0.0                       | nan           | 100.0            | 1.0             | 1.0               | 1.0                          | 0.0             | 720.96 | -18040.0 |
| STMXUSDT        | 0.0                       | nan           | 100.0            | 1.0             | 1.0               | 1.0                          | 0.0             | 720.96 | -18040.0 |
| TOMOUSDT        | 0.0                       | nan           | 100.0            | 1.0             | 1.0               | 1.0                          | 0.0             | 720.96 | -18040.0 |
| SXPUSDT         | 0.0                       | nan           | 100.0            | 1.0             | 1.0               | 1.0                          | 0.0             | 720.96 | -18040.0 |
| THETAUSDT       | 0.0                       | nan           | 100.0            | 1.0             | 1.0               | 1.0                          | 0.0             | 720.96 | -18040.0 |
| TRXUSDT         | 0.0                       | nan           | 100.0            | 1.0             | 1.0               | 1.0                          | 0.0             | 720.96 | -18040.0 |
| UNIUSDT         | 0.0                       | nan           | 100.0            | 1.0             | 1.0               | 1.0                          | 0.0             | 720.96 | -18040.0 |
| WAVESUSDT       | 0.0                       | nan           | 100.0            | 1.0             | 1.0               | 1.0                          | 0.0             | 720.96 | -18040.0 |
| XEMUSDT         | 0.0                       | nan           | 100.0            | 1.0             | 1.0               | 1.0                          | 0.0             | 720.96 | -18040.0 |
| SUSHIUSDT       | 0.0                       | nan           | 100.0            | 1.0             | 1.0               | 1.0                          | 0.0             | 720.96 | -18040.0 |
| VETUSDT         | 0.0                       | nan           | 100.0            | 1.0             | 1.0               | 1.0                          | 0.0             | 720.96 | -18040.0 |
| YFIUSDT         | 0.0                       | nan           | 100.0            | 1.0             | 1.0               | 1.0                          | 0.0             | 720.96 | -18040.0 |
| UNFIUSDT        | 0.0                       | nan           | 100.0            | 1.0             | 1.0               | 1.0                          | 0.0             | 720.96 | -18040.0 |
| XRPUSDT         | 0.0                       | nan           | 100.0            | 1.0             | 1.0               | 1.0                          | 0.0             | 720.96 | -18040.0 |
| TRBUSDT         | 0.0                       | nan           | 100.0            | 1.0             | 1.0               | 1.0                          | 0.0             | 720.96 | -18040.0 |
| XLMUSDT         | 0.0                       | nan           | 100.0            | 1.0             | 1.0               | 1.0                          | 0.0             | 720.96 | -18040.0 |
| ZRXUSDT         | 0.0                       | nan           | 100.0            | 1.0             | 1.0               | 1.0                          | 0.0             | 720.96 | -18040.0 |
| XMRUSDT         | 0.0                       | nan           | 100.0            | 1.0             | 1.0               | 1.0                          | 0.0             | 720.96 | -18040.0 |
| ZECUSDT         | 0.0                       | nan           | 100.0            | 1.0             | 1.0               | 1.0                          | 0.0             | 720.96 | -18040.0 |
| ZENUSDT         | 0.0                       | nan           | 100.0            | 1.0             | 1.0               | 1.0                          | 0.0             | 720.96 | -18040.0 |
| ZILUSDT         | 0.0                       | nan           | 100.0            | 1.0             | 1.0               | 1.0                          | 0.0             | 720.96 | -18040.0 |
| SOLUSDT         | 0.0                       | nan           | 100.0            | 1.0             | 1.0               | 1.0                          | 0.0             | 720.96 | -18040.0 |
| XTZUSDT         | 0.0                       | nan           | 100.0            | 1.0             | 1.0               | 1.0                          | 0.0             | 720.96 | -18040.0 |
| mean            | 0.0                       | nan           | 100.0            | 1.0             | 1.0               | 1.0                          | 0.0             | 720.86 | -18040.0 |
+-----------------+---------------------------+---------------+------------------+-----------------+-------------------+------------------------------+-----------------+--------+----------+

