# note: only symbols with data from (before) 01-05-2021 are used

+----------------------------------------------------------------------------------------------------------------------------------------------------------------------------------------+
|                                                                                          long                                                                                          |
+-----------+---------------+-------------+--------------+---------------+--------------+-------------+----------------+------------------------+--------------+--------+----------------+
| symbol    | adg_w_per_exp | adg_per_exp | exp_rts_mean | hrs_stuck_max | pa_dist_mean | pa_dist_std | loss_profit_rt | eqbal_rt_10_worst_mean | eqbal_rt_std | n_days | score          |
+-----------+---------------+-------------+--------------+---------------+--------------+-------------+----------------+------------------------+--------------+--------+----------------+
| OCEANUSDT | 0.001776      | 0.001848    | 0.06734      | 48.47         | 0.01526      | 0.01603     | 0.01485        | 0.9598                 | 0.001933     | 822.0  | -480179.301776 |
| OMGUSDT   | 0.001769      | 0.002548    | 0.06715      | 63.1          | 0.01008      | 0.01077     | 0.01874        | 0.974                  | 0.001551     | 822.0  | -480179.301769 |
| XRPUSDT   | 0.001557      | 0.002423    | 0.06863      | 48.22         | 0.006877     | 0.01335     | 0.03061        | 0.953                  | 0.002176     | 822.0  | -480179.301557 |
| NKNUSDT   | 0.001512      | 0.002119    | 0.06826      | 27.15         | 0.01167      | 0.01411     | 0.01955        | 0.9614                 | 0.002276     | 822.0  | -480179.301512 |
| CELRUSDT  | 0.001497      | 0.002151    | 0.06856      | 64.83         | 0.01658      | 0.01768     | 0.01898        | 0.9636                 | 0.002535     | 822.0  | -480179.301497 |
| TOMOUSDT  | 0.001468      | 0.001627    | 0.06975      | 51.68         | 0.01633      | 0.01656     | 0.01693        | 0.9746                 | 0.001587     | 822.0  | -480179.301468 |
| HOTUSDT   | 0.001458      | 0.001974    | 0.06856      | 70.97         | 0.01033      | 0.01133     | 0.008184       | 0.9685                 | 0.001513     | 822.0  | -480179.301458 |
| DOGEUSDT  | 0.001448      | 0.002558    | 0.06777      | 17.83         | 0.007951     | 0.01114     | 0.009978       | 0.9678                 | 0.001922     | 822.0  | -480179.301448 |
| ZECUSDT   | 0.001447      | 0.002042    | 0.06732      | 39.05         | 0.01377      | 0.01494     | 0.01843        | 0.966                  | 0.002109     | 822.0  | -480179.301447 |
| GRTUSDT   | 0.00141       | 0.002207    | 0.06967      | 36.65         | 0.01301      | 0.01899     | 0.02131        | 0.9341                 | 0.00281      | 822.0  | -480179.30141  |
| SUSHIUSDT | 0.001366      | 0.002058    | 0.06705      | 48.75         | 0.01786      | 0.01832     | 0.02273        | 0.953                  | 0.002333     | 822.0  | -480179.301366 |
| ATOMUSDT  | 0.001347      | 0.002308    | 0.06265      | 66.73         | 0.009885     | 0.01088     | 0.01215        | 0.971                  | 0.001397     | 822.0  | -480179.301347 |
| ANKRUSDT  | 0.001344      | 0.002113    | 0.06614      | 63.52         | 0.0113       | 0.01471     | 0.04141        | 0.966                  | 0.002213     | 822.0  | -480179.301344 |
| ICXUSDT   | 0.001335      | 0.001913    | 0.06496      | 51.1          | 0.01336      | 0.01687     | 0.04297        | 0.9514                 | 0.002585     | 822.0  | -480179.301335 |
| DENTUSDT  | 0.001331      | 0.002045    | 0.06513      | 62.37         | 0.01279      | 0.01651     | 0.01268        | 0.9429                 | 0.002194     | 822.0  | -480179.301331 |
| CHZUSDT   | 0.001329      | 0.001775    | 0.06209      | 23.42         | 0.01022      | 0.0113      | 0.009277       | 0.9699                 | 0.001304     | 822.0  | -480179.301329 |
| DASHUSDT  | 0.001272      | 0.001071    | 0.06727      | 50.6          | 0.01705      | 0.01799     | 0.0367         | 0.9644                 | 0.001658     | 822.0  | -480179.301272 |
| RVNUSDT   | 0.001219      | 0.002098    | 0.06221      | 65.88         | 0.01173      | 0.01871     | 0.02           | 0.9425                 | 0.002836     | 822.0  | -480179.301219 |
| NEOUSDT   | 0.001217      | 0.001172    | 0.0694       | 62.63         | 0.0166       | 0.01928     | 0.02887        | 0.9566                 | 0.002523     | 822.0  | -480179.301217 |
| COTIUSDT  | 0.001217      | 0.001942    | 0.0699       | 33.98         | 0.01197      | 0.01926     | 0.07518        | 0.9428                 | 0.003596     | 822.0  | -480179.301217 |
| XTZUSDT   | 0.001206      | 0.001578    | 0.06832      | 57.15         | 0.01624      | 0.01853     | 0.0263         | 0.9529                 | 0.00249      | 822.0  | -480179.301206 |
| LRCUSDT   | 0.001192      | 0.001792    | 0.06089      | 55.48         | 0.01089      | 0.01086     | 0.008545       | 0.9751                 | 0.001463     | 822.0  | -480179.301192 |
| KAVAUSDT  | 0.001179      | 0.001134    | 0.0607       | 54.73         | 0.01789      | 0.0191      | 0.02594        | 0.9651                 | 0.002404     | 822.0  | -480179.301179 |
| ONEUSDT   | 0.001167      | 0.002272    | 0.06668      | 28.48         | 0.014        | 0.01853     | 0.09651        | 0.952                  | 0.003072     | 822.0  | -480179.301167 |
| BELUSDT   | 0.001117      | 0.001324    | 0.06904      | 55.9          | 0.01834      | 0.01893     | 0.01766        | 0.9553                 | 0.002402     | 822.0  | -480179.301117 |
| DGBUSDT   | 0.0011        | 0.001902    | 0.06863      | 49.08         | 0.01443      | 0.01892     | 0.02338        | 0.944                  | 0.002666     | 822.0  | -480179.3011   |
| CTKUSDT   | 0.001097      | 0.001649    | 0.06557      | 65.77         | 0.01221      | 0.01359     | 0.01878        | 0.957                  | 0.001873     | 822.0  | -480179.301097 |
| RLCUSDT   | 0.00109       | 0.001542    | 0.06531      | 56.3          | 0.01309      | 0.01336     | 0.01149        | 0.9684                 | 0.001912     | 822.0  | -480179.30109  |
| MTLUSDT   | 0.001088      | 0.00137     | 0.06174      | 62.5          | 0.01921      | 0.01993     | 0.02           | 0.9479                 | 0.002624     | 822.0  | -480179.301088 |
| LINKUSDT  | 0.001081      | 0.001442    | 0.06845      | 48.42         | 0.01217      | 0.01273     | 0.03012        | 0.9586                 | 0.001971     | 822.0  | -480179.301081 |
| DOTUSDT   | 0.001077      | 0.001794    | 0.06647      | 92.07         | 0.01003      | 0.0148      | 0.005907       | 0.9487                 | 0.002317     | 822.0  | -480179.301077 |
| MATICUSDT | 0.001074      | 0.002153    | 0.05699      | 55.58         | 0.01343      | 0.0193      | 0.03819        | 0.9431                 | 0.003088     | 822.0  | -480179.301074 |
| MANAUSDT  | 0.001045      | 0.002279    | 0.06704      | 42.5          | 0.01174      | 0.01669     | 0.02795        | 0.9466                 | 0.002682     | 822.0  | -480179.301045 |
| THETAUSDT | 0.001026      | 0.001834    | 0.06554      | 42.18         | 0.01166      | 0.01534     | 0.01724        | 0.9484                 | 0.002626     | 822.0  | -480179.301026 |
| ALGOUSDT  | 0.001018      | 0.001501    | 0.06189      | 52.23         | 0.01411      | 0.01839     | 0.02162        | 0.9411                 | 0.002878     | 822.0  | -480179.301018 |
| ALICEUSDT | 0.001004      | 0.001993    | 0.06328      | 39.2          | 0.01022      | 0.01502     | 0.007296       | 0.9471                 | 0.002586     | 822.0  | -480179.301004 |
| SXPUSDT   | 0.0009973     | 0.001336    | 0.06672      | 70.73         | 0.01739      | 0.01697     | 0.04835        | 0.9677                 | 0.002026     | 822.0  | -480179.300997 |
| BANDUSDT  | 0.0009803     | 0.001693    | 0.06894      | 52.2          | 0.01598      | 0.01618     | 0.02959        | 0.9701                 | 0.002326     | 822.0  | -480179.30098  |
| XLMUSDT   | 0.0009749     | 0.001347    | 0.06952      | 59.77         | 0.007957     | 0.01519     | 0.01752        | 0.9503                 | 0.002148     | 822.0  | -480179.300975 |
| SNXUSDT   | 0.0009726     | 0.002005    | 0.06835      | 41.58         | 0.01476      | 0.01892     | 0.03817        | 0.9432                 | 0.003133     | 822.0  | -480179.300973 |
| VETUSDT   | 0.0009725     | 0.0011      | 0.0635       | 59.43         | 0.01743      | 0.01994     | 0.02682        | 0.9487                 | 0.002775     | 822.0  | -480179.300973 |
| EOSUSDT   | 0.000965      | 0.001188    | 0.06982      | 60.82         | 0.01374      | 0.01284     | 0.01665        | 0.9759                 | 0.001328     | 822.0  | -480179.300965 |
| UNFIUSDT  | 0.0009626     | 0.001158    | 0.05952      | 53.68         | 0.01886      | 0.01919     | 0.02463        | 0.9521                 | 0.002076     | 822.0  | -480179.300963 |
| HBARUSDT  | 0.0009622     | 0.00204     | 0.06125      | 50.88         | 0.0106       | 0.01086     | 0.008424       | 0.9664                 | 0.001514     | 822.0  | -480179.300962 |
| EGLDUSDT  | 0.0009128     | 0.001758    | 0.06702      | 60.27         | 0.01133      | 0.01578     | 0.01679        | 0.9601                 | 0.002327     | 822.0  | -480179.300913 |
| LITUSDT   | 0.000908      | 0.001122    | 0.05947      | 39.82         | 0.01972      | 0.01966     | 0.03098        | 0.971                  | 0.001796     | 822.0  | -480179.300908 |
| WAVESUSDT | 0.0009057     | 0.001367    | 0.06572      | 29.9          | 0.01389      | 0.0146      | 0.03426        | 0.9597                 | 0.002235     | 822.0  | -480179.300906 |
| SKLUSDT   | 0.0008674     | 0.001321    | 0.06585      | 45.68         | 0.01743      | 0.01699     | 0.01385        | 0.9496                 | 0.002516     | 822.0  | -480179.300867 |
| STMXUSDT  | 0.0008496     | 0.001205    | 0.0645       | 28.83         | 0.01486      | 0.01675     | 0.05949        | 0.9552                 | 0.002685     | 822.0  | -480179.30085  |
| QTUMUSDT  | 0.0008324     | 0.001179    | 0.06757      | 84.67         | 0.01768      | 0.01885     | 0.0315         | 0.9525                 | 0.002569     | 822.0  | -480179.300832 |
| FTMUSDT   | 0.0008309     | 0.001713    | 0.06758      | 65.65         | 0.01509      | 0.01701     | 0.01007        | 0.9535                 | 0.002686     | 822.0  | -480179.300831 |
| REEFUSDT  | 0.0008129     | 0.001116    | 0.06949      | 53.1          | 0.0184       | 0.01864     | 0.0339         | 0.9696                 | 0.002939     | 822.0  | -480179.300813 |
| COMPUSDT  | 0.0007989     | 0.001347    | 0.06771      | 43.85         | 0.01216      | 0.01576     | 0.07535        | 0.962                  | 0.002837     | 822.0  | -480179.300799 |
| BLZUSDT   | 0.0007872     | 0.001242    | 0.05719      | 55.95         | 0.01966      | 0.01988     | 0.03653        | 0.9507                 | 0.002765     | 822.0  | -480179.300787 |
| CRVUSDT   | 0.0007727     | 0.001382    | 0.06547      | 47.88         | 0.01684      | 0.01956     | 0.02299        | 0.9402                 | 0.003455     | 822.0  | -480179.300773 |
| IOSTUSDT  | 0.0007702     | 0.001264    | 0.06716      | 50.62         | 0.01545      | 0.01512     | 0.02619        | 0.963                  | 0.001829     | 822.0  | -480179.30077  |
| CHRUSDT   | 0.000757      | 0.001866    | 0.06922      | 61.95         | 0.01576      | 0.01989     | 0.03397        | 0.9559                 | 0.003262     | 822.0  | -480179.300757 |
| LINAUSDT  | 0.0007511     | 0.0008288   | 0.06755      | 59.02         | 0.02         | 0.02        | 0.06701        | 0.964                  | 0.002657     | 822.0  | -480179.300751 |
| ADAUSDT   | 0.0007489     | 0.00127     | 0.06984      | 59.68         | 0.01354      | 0.01813     | 0.03608        | 0.9586                 | 0.003084     | 822.0  | -480179.300749 |
| SFPUSDT   | 0.0007461     | 0.001028    | 0.06239      | 43.15         | 0.01958      | 0.01914     | 0.02317        | 0.9662                 | 0.001997     | 822.0  | -480179.300746 |
| BATUSDT   | 0.0007103     | 0.001338    | 0.06123      | 71.97         | 0.01462      | 0.01948     | 0.02607        | 0.9478                 | 0.002876     | 822.0  | -480179.30071  |
| ALPHAUSDT | 0.0007058     | 0.0009093   | 0.06074      | 57.73         | 0.01897      | 0.01981     | 0.05793        | 0.9521                 | 0.00254      | 822.0  | -480179.300706 |
| ZENUSDT   | 0.0007012     | 0.001295    | 0.06845      | 49.6          | 0.0175       | 0.0194      | 0.04193        | 0.946                  | 0.00293      | 822.0  | -480179.300701 |
| RUNEUSDT  | 0.0006649     | 0.001716    | 0.068        | 74.88         | 0.01523      | 0.01962     | 0.02048        | 0.9447                 | 0.003109     | 822.0  | -480179.300665 |
| 1INCHUSDT | 0.0006593     | 0.001179    | 0.03593      | 50.88         | 0.01094      | 0.01035     | 0.006197       | 0.9749                 | 0.0009787    | 822.0  | -480179.300659 |
| IOTAUSDT  | 0.0006412     | 0.001027    | 0.06773      | 47.72         | 0.01487      | 0.01701     | 0.02786        | 0.9521                 | 0.003101     | 822.0  | -480179.300641 |
| TRXUSDT   | 0.000639      | 0.0006617   | 0.0699       | 34.23         | 0.008961     | 0.01128     | 0.01408        | 0.9801                 | 0.0007855    | 822.0  | -480179.300639 |
| KNCUSDT   | 0.000637      | 0.0009904   | 0.05617      | 85.38         | 0.01897      | 0.01836     | 0.05394        | 0.9668                 | 0.00191      | 822.0  | -480179.300637 |
| FILUSDT   | 0.0006346     | 0.000943    | 0.06052      | 59.83         | 0.019        | 0.01995     | 0.04466        | 0.9568                 | 0.002939     | 822.0  | -480179.300635 |
| ONTUSDT   | 0.0006283     | 0.0009308   | 0.06818      | 44.22         | 0.01702      | 0.01787     | 0.04175        | 0.9607                 | 0.002671     | 822.0  | -480179.300628 |
| OGNUSDT   | 0.0006172     | 0.001215    | 0.04841      | 53.9          | 0.01759      | 0.01823     | 0.05808        | 0.9496                 | 0.002239     | 822.0  | -480179.300617 |
| ZILUSDT   | 0.0005873     | 0.001171    | 0.05828      | 44.35         | 0.01646      | 0.01969     | 0.08169        | 0.9425                 | 0.003164     | 822.0  | -480179.300587 |
| SANDUSDT  | 0.0005847     | 0.001223    | 0.0689       | 68.02         | 0.01837      | 0.01866     | 0.06703        | 0.9497                 | 0.00285      | 822.0  | -480179.300585 |
| BALUSDT   | 0.0005185     | 0.001071    | 0.06648      | 72.0          | 0.01914      | 0.02        | 0.04146        | 0.9535                 | 0.002921     | 822.0  | -480179.300519 |
| RENUSDT   | 0.0005187     | 0.0006888   | 0.0367       | 57.17         | 0.01651      | 0.01746     | 0.02746        | 0.9656                 | 0.002203     | 822.0  | -480179.300519 |
| ZRXUSDT   | 0.0004873     | 0.001056    | 0.06746      | 36.43         | 0.01835      | 0.01988     | 0.05529        | 0.9549                 | 0.00327      | 822.0  | -480179.300487 |
| FLMUSDT   | 0.0004634     | 0.0008304   | 0.06833      | 52.28         | 0.01967      | 0.01863     | 0.04431        | 0.9619                 | 0.003103     | 822.0  | -480179.300463 |
| YFIUSDT   | 0.0004151     | 0.001486    | 0.06165      | 48.38         | 0.012        | 0.01986     | 0.08921        | 0.9585                 | 0.002762     | 822.0  | -480179.300415 |
| NEARUSDT  | 0.0003864     | 0.001111    | 0.05049      | 46.63         | 0.01475      | 0.01875     | 0.07615        | 0.9497                 | 0.003041     | 822.0  | -480179.300386 |
| ENJUSDT   | 0.000358      | 0.0005127   | 0.04525      | 47.28         | 0.01975      | 0.01882     | 0.07005        | 0.9719                 | 0.001247     | 822.0  | -480179.300358 |
| RSRUSDT   | 0.0004764     | 0.001103    | 0.03297      | 56.37         | 0.02057      | 0.019       | 0.0979         | 0.9692                 | 0.001706     | 822.0  | -480178.734462 |
| STORJUSDT | 0.0002816     | 0.0006247   | 0.03276      | 58.03         | 0.01981      | 0.02043     | 0.09985        | 0.9624                 | 0.00184      | 822.0  | -480175.026987 |
| TRBUSDT   | 0.0004086     | 0.0007741   | 0.03666      | 71.02         | 0.0215       | 0.02147     | 0.09989        | 0.9742                 | 0.0011       | 822.0  | -480163.093617 |
| UNIUSDT   | 0.00115       | 0.001642    | 0.1185       | 54.45         | 0.02196      | 0.02212     | 0.09799        | 0.9683                 | 0.002479     | 822.0  | -480155.68134  |
| XEMUSDT   | 0.000469      | 0.001347    | 0.0408       | 44.93         | 0.01523      | 0.04303     | 0.0981         | 0.8961                 | 0.005178     | 822.0  | -479949.035408 |
| AAVEUSDT  | 0.0007079     | 0.001295    | 0.124        | 83.55         | 0.03541      | 0.04171     | 0.188          | 0.9155                 | 0.006023     | 822.0  | -471145.872964 |
| KSMUSDT   | 0.001455      | 0.002473    | 0.1171       | 72.47         | 0.02048      | 0.02198     | 0.1946         | 0.9581                 | 0.002616     | 822.0  | -470698.506071 |
| AXSUSDT   | 0.0008731     | 0.002743    | 0.2073       | 87.55         | 0.02851      | 0.0459      | 0.2595         | 0.9276                 | 0.008061     | 822.0  | -463964.085107 |
+-----------+---------------+-------------+--------------+---------------+--------------+-------------+----------------+------------------------+--------------+--------+----------------+

+----------------------------------------------------------------------------------------------------------------------------------------------------------------------------------------+
|                                                                                         short                                                                                          |
+-----------+---------------+-------------+--------------+---------------+--------------+-------------+----------------+------------------------+--------------+--------+----------------+
| symbol    | adg_w_per_exp | adg_per_exp | exp_rts_mean | hrs_stuck_max | pa_dist_mean | pa_dist_std | loss_profit_rt | eqbal_rt_10_worst_mean | eqbal_rt_std | n_days | score          |
+-----------+---------------+-------------+--------------+---------------+--------------+-------------+----------------+------------------------+--------------+--------+----------------+
| STMXUSDT  | 0.002302      | 0.001989    | 0.06482      | 60.1          | 0.01371      | 0.01276     | 0.0353         | 0.974                  | 0.001153     | 822.0  | -230179.302302 |
| OGNUSDT   | 0.002109      | 0.002345    | 0.06972      | 87.0          | 0.01427      | 0.01745     | 0.0169         | 0.9648                 | 0.001369     | 822.0  | -230179.302109 |
| STORJUSDT | 0.002044      | 0.00263     | 0.06962      | 76.0          | 0.01362      | 0.01573     | 0.01763        | 0.9731                 | 0.001316     | 822.0  | -230179.302044 |
| LITUSDT   | 0.001949      | 0.002252    | 0.06957      | 78.6          | 0.01424      | 0.01347     | 0.009717       | 0.9833                 | 0.0007801    | 822.0  | -230179.301949 |
| ALPHAUSDT | 0.001892      | 0.00193     | 0.06988      | 83.55         | 0.01934      | 0.01983     | 0.03413        | 0.9725                 | 0.001158     | 822.0  | -230179.301892 |
| CHZUSDT   | 0.001808      | 0.002483    | 0.06941      | 68.65         | 0.01114      | 0.01124     | 0.00492        | 0.9849                 | 0.0007224    | 822.0  | -230179.301808 |
| SKLUSDT   | 0.001599      | 0.001783    | 0.06862      | 82.0          | 0.01399      | 0.01434     | 0.02756        | 0.9812                 | 0.0009258    | 822.0  | -230179.301599 |
| OCEANUSDT | 0.001599      | 0.002088    | 0.06984      | 65.58         | 0.01534      | 0.01395     | 0.03894        | 0.9825                 | 0.0009558    | 822.0  | -230179.301599 |
| OMGUSDT   | 0.001559      | 0.001975    | 0.06339      | 80.6          | 0.01171      | 0.0154      | 0.01577        | 0.9711                 | 0.001479     | 822.0  | -230179.301559 |
| CHRUSDT   | 0.00155       | 0.002434    | 0.06845      | 83.43         | 0.01455      | 0.01699     | 0.01959        | 0.9571                 | 0.001447     | 822.0  | -230179.30155  |
| RSRUSDT   | 0.001532      | 0.002111    | 0.06971      | 55.77         | 0.01602      | 0.0155      | 0.01575        | 0.9794                 | 0.001145     | 822.0  | -230179.301532 |
| ZRXUSDT   | 0.001523      | 0.001929    | 0.06981      | 69.22         | 0.01449      | 0.01494     | 0.02589        | 0.9722                 | 0.001188     | 822.0  | -230179.301523 |
| BATUSDT   | 0.001518      | 0.001592    | 0.06968      | 61.38         | 0.01757      | 0.01855     | 0.03738        | 0.971                  | 0.0008942    | 822.0  | -230179.301518 |
| ZENUSDT   | 0.001516      | 0.00202     | 0.06902      | 88.07         | 0.01518      | 0.01441     | 0.04402        | 0.9724                 | 0.001177     | 822.0  | -230179.301516 |
| ANKRUSDT  | 0.001488      | 0.001774    | 0.06946      | 34.98         | 0.01457      | 0.01958     | 0.04138        | 0.9618                 | 0.002713     | 822.0  | -230179.301488 |
| FTMUSDT   | 0.001468      | 0.00217     | 0.06918      | 64.13         | 0.01857      | 0.01908     | 0.03532        | 0.9845                 | 0.001066     | 822.0  | -230179.301468 |
| NKNUSDT   | 0.001465      | 0.001955    | 0.06965      | 80.58         | 0.01677      | 0.01805     | 0.01225        | 0.9714                 | 0.001391     | 822.0  | -230179.301465 |
| KAVAUSDT  | 0.001449      | 0.001515    | 0.06974      | 70.42         | 0.01566      | 0.01861     | 0.04698        | 0.9629                 | 0.001879     | 822.0  | -230179.301449 |
| COTIUSDT  | 0.001432      | 0.001835    | 0.06955      | 87.88         | 0.01775      | 0.01817     | 0.02949        | 0.9816                 | 0.001245     | 822.0  | -230179.301432 |
| RLCUSDT   | 0.001427      | 0.001789    | 0.06993      | 78.77         | 0.01887      | 0.01924     | 0.01813        | 0.9781                 | 0.001337     | 822.0  | -230179.301427 |
| XRPUSDT   | 0.00142       | 0.001581    | 0.06855      | 66.1          | 0.01268      | 0.01734     | 0.03401        | 0.9756                 | 0.001561     | 822.0  | -230179.30142  |
| COMPUSDT  | 0.001405      | 0.001358    | 0.06785      | 56.75         | 0.01854      | 0.01911     | 0.04026        | 0.9852                 | 0.0008118    | 822.0  | -230179.301405 |
| RENUSDT   | 0.001383      | 0.001429    | 0.06922      | 50.55         | 0.01703      | 0.01673     | 0.05588        | 0.9742                 | 0.001489     | 822.0  | -230179.301383 |
| TOMOUSDT  | 0.001382      | 0.001332    | 0.06847      | 69.22         | 0.01688      | 0.01798     | 0.04615        | 0.9749                 | 0.001745     | 822.0  | -230179.301382 |
| CELRUSDT  | 0.001382      | 0.001939    | 0.06993      | 60.92         | 0.01635      | 0.01873     | 0.02899        | 0.9605                 | 0.001839     | 822.0  | -230179.301382 |
| ALICEUSDT | 0.001339      | 0.002032    | 0.06687      | 56.35         | 0.01596      | 0.01609     | 0.01225        | 0.9891                 | 0.0006731    | 822.0  | -230179.301339 |
| REEFUSDT  | 0.001324      | 0.001663    | 0.06981      | 85.95         | 0.01285      | 0.01342     | 0.04073        | 0.9807                 | 0.001017     | 822.0  | -230179.301324 |
| BLZUSDT   | 0.001295      | 0.001559    | 0.06798      | 69.23         | 0.01687      | 0.01937     | 0.04016        | 0.9189                 | 0.00241      | 822.0  | -230179.301295 |
| HOTUSDT   | 0.001289      | 0.00165     | 0.0694       | 60.73         | 0.01238      | 0.01303     | 0.006829       | 0.9804                 | 0.0009221    | 822.0  | -230179.301289 |
| CTKUSDT   | 0.001288      | 0.001908    | 0.06993      | 65.4          | 0.014        | 0.01973     | 0.02407        | 0.9417                 | 0.002045     | 822.0  | -230179.301288 |
| ONTUSDT   | 0.001221      | 0.001388    | 0.06952      | 88.17         | 0.01538      | 0.01443     | 0.02559        | 0.9808                 | 0.001219     | 822.0  | -230179.301221 |
| ZECUSDT   | 0.001209      | 0.001419    | 0.06961      | 68.38         | 0.01681      | 0.01875     | 0.02763        | 0.9807                 | 0.001215     | 822.0  | -230179.301209 |
| FILUSDT   | 0.001158      | 0.00133     | 0.0677       | 86.3          | 0.01665      | 0.01945     | 0.03313        | 0.9681                 | 0.001459     | 822.0  | -230179.301158 |
| XEMUSDT   | 0.001155      | 0.001354    | 0.06972      | 79.65         | 0.01174      | 0.0154      | 0.02735        | 0.9727                 | 0.00154      | 822.0  | -230179.301155 |
| DASHUSDT  | 0.001132      | 0.001172    | 0.0665       | 82.6          | 0.01675      | 0.01667     | 0.04706        | 0.9826                 | 0.000863     | 822.0  | -230179.301132 |
| ONEUSDT   | 0.001132      | 0.002102    | 0.06917      | 90.08         | 0.01665      | 0.01814     | 0.03364        | 0.9743                 | 0.001661     | 822.0  | -230179.301132 |
| ICXUSDT   | 0.001128      | 0.001404    | 0.06904      | 68.37         | 0.01931      | 0.01983     | 0.05704        | 0.9625                 | 0.001462     | 822.0  | -230179.301128 |
| IOSTUSDT  | 0.001122      | 0.001349    | 0.06761      | 77.58         | 0.01372      | 0.01586     | 0.02617        | 0.975                  | 0.001337     | 822.0  | -230179.301122 |
| SUSHIUSDT | 0.001122      | 0.001849    | 0.06884      | 78.32         | 0.01302      | 0.01379     | 0.04135        | 0.9791                 | 0.001061     | 822.0  | -230179.301122 |
| SFPUSDT   | 0.001114      | 0.001307    | 0.06921      | 80.28         | 0.0166       | 0.01987     | 0.05995        | 0.9627                 | 0.001259     | 822.0  | -230179.301114 |
| IOTAUSDT  | 0.001107      | 0.001607    | 0.06913      | 71.68         | 0.01109      | 0.01131     | 0.01087        | 0.9807                 | 0.0009704    | 822.0  | -230179.301107 |
| FLMUSDT   | 0.001101      | 0.001573    | 0.06901      | 84.12         | 0.0192       | 0.01987     | 0.0402         | 0.9449                 | 0.001961     | 822.0  | -230179.301101 |
| CRVUSDT   | 0.001097      | 0.001716    | 0.06806      | 82.83         | 0.01399      | 0.01606     | 0.031          | 0.9722                 | 0.001408     | 822.0  | -230179.301097 |
| DGBUSDT   | 0.001096      | 0.001707    | 0.06985      | 77.58         | 0.0115       | 0.01074     | 0.02239        | 0.9811                 | 0.0009383    | 822.0  | -230179.301096 |
| 1INCHUSDT | 0.001082      | 0.001568    | 0.06729      | 94.48         | 0.01517      | 0.01749     | 0.02172        | 0.9571                 | 0.001442     | 822.0  | -230179.301082 |
| ENJUSDT   | 0.001058      | 0.001605    | 0.06937      | 78.27         | 0.01511      | 0.01862     | 0.03926        | 0.9759                 | 0.001858     | 822.0  | -230179.301058 |
| LINKUSDT  | 0.001056      | 0.001589    | 0.06957      | 75.77         | 0.01145      | 0.01085     | 0.02059        | 0.9885                 | 0.0008082    | 822.0  | -230179.301056 |
| NEOUSDT   | 0.001043      | 0.001239    | 0.06921      | 86.17         | 0.01587      | 0.01503     | 0.04944        | 0.9788                 | 0.001193     | 822.0  | -230179.301043 |
| GRTUSDT   | 0.001022      | 0.00154     | 0.06964      | 85.93         | 0.01646      | 0.01871     | 0.04005        | 0.962                  | 0.001923     | 822.0  | -230179.301022 |
| HBARUSDT  | 0.00102       | 0.001696    | 0.0629       | 68.65         | 0.0111       | 0.01275     | 0.0471         | 0.9734                 | 0.001214     | 822.0  | -230179.30102  |
| TRBUSDT   | 0.0009911     | 0.001606    | 0.06944      | 78.82         | 0.01971      | 0.01959     | 0.04803        | 0.9716                 | 0.001516     | 822.0  | -230179.300991 |
| QTUMUSDT  | 0.0009378     | 0.001154    | 0.06986      | 68.32         | 0.01629      | 0.01836     | 0.0442         | 0.9821                 | 0.001339     | 822.0  | -230179.300938 |
| ADAUSDT   | 0.0009318     | 0.0009328   | 0.06936      | 58.9          | 0.01828      | 0.0198      | 0.07148        | 0.9756                 | 0.001426     | 822.0  | -230179.300932 |
| DENTUSDT  | 0.0008934     | 0.001274    | 0.06955      | 70.25         | 0.01692      | 0.01912     | 0.05828        | 0.9715                 | 0.001824     | 822.0  | -230179.300893 |
| KNCUSDT   | 0.0008877     | 0.001185    | 0.06884      | 68.07         | 0.01828      | 0.01993     | 0.08073        | 0.9715                 | 0.001797     | 822.0  | -230179.300888 |
| XTZUSDT   | 0.0008618     | 0.001511    | 0.06993      | 75.75         | 0.01249      | 0.01142     | 0.01947        | 0.9842                 | 0.0008814    | 822.0  | -230179.300862 |
| THETAUSDT | 0.0008596     | 0.001661    | 0.06825      | 76.47         | 0.01548      | 0.01486     | 0.04889        | 0.9777                 | 0.001222     | 822.0  | -230179.30086  |
| VETUSDT   | 0.0008567     | 0.001229    | 0.06997      | 51.6          | 0.01461      | 0.01257     | 0.02299        | 0.9871                 | 0.0007476    | 822.0  | -230179.300857 |
| MATICUSDT | 0.0008551     | 0.001249    | 0.06846      | 79.0          | 0.01759      | 0.0191      | 0.02428        | 0.9788                 | 0.001385     | 822.0  | -230179.300855 |
| EOSUSDT   | 0.0008291     | 0.001293    | 0.06836      | 78.77         | 0.01213      | 0.01697     | 0.04212        | 0.9632                 | 0.00177      | 822.0  | -230179.300829 |
| ALGOUSDT  | 0.000825      | 0.001502    | 0.06928      | 34.72         | 0.01256      | 0.01031     | 0.07046        | 0.9905                 | 0.0006401    | 822.0  | -230179.300825 |
| NEARUSDT  | 0.0006527     | 0.001305    | 0.06992      | 48.27         | 0.01705      | 0.01863     | 0.07935        | 0.9746                 | 0.001613     | 822.0  | -230179.300653 |
| DOTUSDT   | 0.0005985     | 0.001085    | 0.06898      | 76.85         | 0.01533      | 0.01363     | 0.05144        | 0.9819                 | 0.001017     | 822.0  | -230179.300599 |
| ATOMUSDT  | 0.0005712     | 0.001055    | 0.06967      | 64.48         | 0.01938      | 0.01982     | 0.07092        | 0.9689                 | 0.001933     | 822.0  | -230179.300571 |
| TRXUSDT   | 0.0005345     | 0.0006901   | 0.06906      | 65.77         | 0.01178      | 0.01115     | 0.05326        | 0.9905                 | 0.0005947    | 822.0  | -230179.300534 |
| XLMUSDT   | 0.0005942     | 0.0007685   | 0.07728      | 94.4          | 0.01772      | 0.01708     | 0.09861        | 0.9781                 | 0.001392     | 822.0  | -230179.227819 |
| RVNUSDT   | 0.0006162     | 0.0007489   | 0.03458      | 78.5          | 0.01862      | 0.02001     | 0.08207        | 0.9904                 | 0.0004458    | 822.0  | -230179.215271 |
| LRCUSDT   | 0.0005192     | 0.0009382   | 0.04285      | 57.25         | 0.02023      | 0.02        | 0.06206        | 0.9751                 | 0.001091     | 822.0  | -230179.063439 |
| SXPUSDT   | 0.001102      | 0.001179    | 0.09211      | 35.37         | 0.0205       | 0.02084     | 0.06986        | 0.9802                 | 0.001686     | 822.0  | -230170.192217 |
| UNFIUSDT  | 0.0006705     | 0.0009274   | 0.07569      | 50.77         | 0.01825      | 0.02095     | 0.07636        | 0.8951                 | 0.003613     | 822.0  | -230169.785081 |
| SANDUSDT  | 0.0007999     | 0.001222    | 0.05531      | 47.13         | 0.0189       | 0.02107     | 0.08331        | 0.9717                 | 0.001181     | 822.0  | -230168.596362 |
| BELUSDT   | 0.001183      | 0.001522    | 0.05328      | 65.05         | 0.01932      | 0.02175     | 0.04687        | 0.9756                 | 0.0007818    | 822.0  | -230161.780499 |
| SNXUSDT   | 0.0007399     | 0.001152    | 0.05317      | 61.45         | 0.02058      | 0.02185     | 0.09266        | 0.9745                 | 0.001292     | 822.0  | -230160.2032   |
| MTLUSDT   | 0.001062      | 0.001173    | 0.06597      | 71.48         | 0.01687      | 0.0234      | 0.09355        | 0.9534                 | 0.002615     | 822.0  | -230145.325538 |
| DOGEUSDT  | 0.0008278     | 0.001599    | 0.08249      | 23.87         | 0.01122      | 0.02364     | 0.09752        | 0.9399                 | 0.003745     | 822.0  | -230142.82108  |
| MANAUSDT  | 0.00102       | 0.001267    | 0.08394      | 46.63         | 0.0222       | 0.02569     | 0.09905        | 0.9667                 | 0.001267     | 822.0  | -230120.069953 |
| WAVESUSDT | 0.001324      | 0.001232    | 0.0709       | 68.6          | 0.02122      | 0.02975     | 0.05753        | 0.9764                 | 0.001414     | 822.0  | -230080.602255 |
| RUNEUSDT  | 0.001065      | 0.001649    | 0.109        | 51.93         | 0.02477      | 0.02949     | 0.08108        | 0.9591                 | 0.002982     | 822.0  | -230079.268887 |
| BANDUSDT  | 0.001337      | 0.001598    | 0.1209       | 55.88         | 0.02042      | 0.03003     | 0.0879         | 0.9275                 | 0.004069     | 822.0  | -230078.069114 |
| LINAUSDT  | 0.001046      | 0.001593    | 0.103        | 39.37         | 0.02324      | 0.03046     | 0.09576        | 0.9139                 | 0.004924     | 822.0  | -230071.086462 |
| ZILUSDT   | 0.0007693     | 0.00124     | 0.07163      | 76.02         | 0.02573      | 0.0353      | 0.09513        | 0.9663                 | 0.002478     | 822.0  | -230020.555418 |
| UNIUSDT   | 0.001262      | 0.002182    | 0.1241       | 77.12         | 0.0218       | 0.02439     | 0.1017         | 0.9763                 | 0.001672     | 822.0  | -229961.224267 |
| BALUSDT   | 0.0009624     | 0.001933    | 0.1884       | 71.33         | 0.02643      | 0.04358     | 0.1329         | 0.9418                 | 0.006021     | 822.0  | -226650.488977 |
| EGLDUSDT  | 0.001238      | 0.001672    | 0.1486       | 53.08         | 0.02298      | 0.02546     | 0.1949         | 0.9616                 | 0.002261     | 822.0  | -220630.705604 |
| YFIUSDT   | 0.001004      | 0.001982    | 0.1454       | 57.88         | 0.01894      | 0.02457     | 0.2117         | 0.946                  | 0.002629     | 822.0  | -218957.910914 |
| KSMUSDT   | 0.001603      | 0.002407    | 0.2298       | 72.68         | 0.0267       | 0.03611     | 0.2611         | 0.9478                 | 0.004728     | 822.0  | -213904.610958 |
| AAVEUSDT  | 0.001007      | 0.002131    | 0.2124       | 23.95         | 0.02685      | 0.02813     | 0.4473         | 0.9677                 | 0.002907     | 822.0  | -195357.861108 |
| AXSUSDT   | 0.001933      | 0.001778    | 0.2868       | 50.33         | 0.02444      | 0.03322     | 0.7751         | 0.9451                 | 0.003663     | 822.0  | -162533.528846 |
+-----------+---------------+-------------+--------------+---------------+--------------+-------------+----------------+------------------------+--------------+--------+----------------+

