+-----------------------------------------------------------------------------------------------------------------------------------------------------------------------------------------+
|                                                                                           long                                                                                          |
+-----------+---------------+-------------+--------------+---------------+--------------+-------------+----------------+------------------------+--------------+---------+----------------+
| symbol    | adg_w_per_exp | adg_per_exp | exp_rts_mean | hrs_stuck_max | pa_dist_mean | pa_dist_std | loss_profit_rt | eqbal_rt_10_worst_mean | eqbal_rt_std | n_days  | score          |
+-----------+---------------+-------------+--------------+---------------+--------------+-------------+----------------+------------------------+--------------+---------+----------------+
| DOGEUSDT  | 0.002997      | 0.005918    | 0.09238      | 70.6          | 0.01164      | 0.02        | 0.1166         | 0.9541                 | 0.002649     | 1055.58 | -425179.002997 |
| CHZUSDT   | 0.002153      | 0.003701    | 0.06202      | 55.55         | 0.01184      | 0.01963     | 0.1425         | 0.9523                 | 0.002275     | 860.67  | -425179.002153 |
| GRTUSDT   | 0.00201       | 0.00316     | 0.07146      | 85.37         | 0.01692      | 0.01989     | 0.0962         | 0.9433                 | 0.00256      | 893.67  | -425179.00201  |
| HBARUSDT  | 0.001985      | 0.003396    | 0.09361      | 60.5          | 0.01006      | 0.01556     | 0.1398         | 0.9583                 | 0.002288     | 805.67  | -425179.001985 |
| MATICUSDT | 0.001934      | 0.00515     | 0.09416      | 78.27         | 0.0114       | 0.01848     | 0.118          | 0.9592                 | 0.002763     | 951.67  | -425179.001934 |
| ANKRUSDT  | 0.001873      | 0.00301     | 0.04689      | 73.38         | 0.01124      | 0.01572     | 0.1098         | 0.9654                 | 0.001752     | 855.67  | -425179.001873 |
| SUSHIUSDT | 0.0018        | 0.004516    | 0.07773      | 92.32         | 0.01584      | 0.01659     | 0.07797        | 0.9634                 | 0.002071     | 999.67  | -425179.0018   |
| SANDUSDT  | 0.001784      | 0.00294     | 0.04648      | 71.28         | 0.01293      | 0.01818     | 0.1283         | 0.9469                 | 0.002073     | 856.67  | -425179.001784 |
| MANAUSDT  | 0.001743      | 0.003143    | 0.0655       | 91.38         | 0.01252      | 0.01839     | 0.1221         | 0.9569                 | 0.002334     | 807.67  | -425179.001743 |
| RSRUSDT   | 0.001666      | 0.002164    | 0.03747      | 81.28         | 0.01696      | 0.01826     | 0.1119         | 0.9581                 | 0.002071     | 954.67  | -425179.001666 |
| COTIUSDT  | 0.001606      | 0.002928    | 0.09638      | 84.65         | 0.01835      | 0.01944     | 0.0801         | 0.947                  | 0.002834     | 812.67  | -425179.001606 |
| SKLUSDT   | 0.001587      | 0.002747    | 0.05204      | 81.2          | 0.01242      | 0.01645     | 0.06594        | 0.9516                 | 0.0022       | 904.67  | -425179.001587 |
| CELRUSDT  | 0.001511      | 0.002618    | 0.09934      | 81.62         | 0.01707      | 0.01868     | 0.06159        | 0.9491                 | 0.002826     | 793.67  | -425179.001511 |
| ATOMUSDT  | 0.001506      | 0.002901    | 0.08419      | 94.07         | 0.01281      | 0.01903     | 0.1296         | 0.9329                 | 0.002649     | 1209.46 | -425179.001506 |
| SNXUSDT   | 0.001401      | 0.002202    | 0.07417      | 92.18         | 0.01745      | 0.01874     | 0.09681        | 0.9561                 | 0.002343     | 1020.67 | -425179.001401 |
| THETAUSDT | 0.001371      | 0.002565    | 0.09325      | 74.83         | 0.01553      | 0.01622     | 0.118          | 0.9512                 | 0.002595     | 1099.62 | -425179.001371 |
| LINKUSDT  | 0.001358      | 0.002936    | 0.06017      | 86.93         | 0.01435      | 0.01954     | 0.08569        | 0.954                  | 0.002404     | 1230.62 | -425179.001358 |
| ENJUSDT   | 0.001344      | 0.002752    | 0.07627      | 94.18         | 0.016        | 0.01651     | 0.1263         | 0.9557                 | 0.001964     | 974.67  | -425179.001344 |
| DOTUSDT   | 0.001204      | 0.002536    | 0.07669      | 91.47         | 0.01231      | 0.01826     | 0.104          | 0.9534                 | 0.00239      | 1012.67 | -425179.001204 |
| ZILUSDT   | 0.001141      | 0.002102    | 0.08816      | 82.9          | 0.01682      | 0.01658     | 0.05852        | 0.9616                 | 0.002545     | 1077.58 | -425179.001141 |
| FTMUSDT   | 0.001082      | 0.002339    | 0.04279      | 87.18         | 0.01712      | 0.01978     | 0.07539        | 0.9437                 | 0.001969     | 979.67  | -425179.001082 |
| SXPUSDT   | 0.001069      | 0.002206    | 0.03499      | 65.8          | 0.0144       | 0.0195      | 0.1082         | 0.9579                 | 0.002166     | 1044.58 | -425179.001069 |
| UNIUSDT   | 0.0009643     | 0.002186    | 0.09705      | 95.93         | 0.01942      | 0.01852     | 0.1077         | 0.958                  | 0.002298     | 985.67  | -425179.000964 |
| ADAUSDT   | 0.0009451     | 0.002342    | 0.0485       | 90.38         | 0.01038      | 0.01818     | 0.1257         | 0.9361                 | 0.001973     | 1216.62 | -425179.000945 |
| VETUSDT   | 0.0008878     | 0.001973    | 0.03091      | 74.7          | 0.01287      | 0.01936     | 0.06224        | 0.9335                 | 0.001784     | 1202.62 | -425179.000888 |
| CHRUSDT   | 0.0007929     | 0.001838    | 0.05607      | 80.05         | 0.01599      | 0.0198      | 0.1423         | 0.9426                 | 0.002323     | 810.67  | -425179.000793 |
| ONEUSDT   | 0.0007555     | 0.001698    | 0.06765      | 90.15         | 0.01977      | 0.01612     | 0.06912        | 0.9634                 | 0.002074     | 804.67  | -425179.000755 |
| XTZUSDT   | 0.0007512     | 0.001803    | 0.0415       | 84.35         | 0.01294      | 0.01948     | 0.1208         | 0.9393                 | 0.002182     | 1210.62 | -425179.000751 |
| AAVEUSDT  | 0.0006331     | 0.001896    | 0.1063       | 84.15         | 0.02398      | 0.02245     | 0.115          | 0.9591                 | 0.002766     | 957.67  | -425150.494516 |
+-----------+---------------+-------------+--------------+---------------+--------------+-------------+----------------+------------------------+--------------+---------+----------------+

+-----------------------------------------------------------------------------------------------------------------------------------------------------------------------------------+
|                                                                                       short                                                                                       |
+-----------+---------------+-------------+--------------+---------------+--------------+-------------+----------------+------------------------+--------------+---------+----------+
| symbol    | adg_w_per_exp | adg_per_exp | exp_rts_mean | hrs_stuck_max | pa_dist_mean | pa_dist_std | loss_profit_rt | eqbal_rt_10_worst_mean | eqbal_rt_std | n_days  | score    |
+-----------+---------------+-------------+--------------+---------------+--------------+-------------+----------------+------------------------+--------------+---------+----------+
| SUSHIUSDT | 0.0           | 0.0         | 0.0          | nan           | 100.0        | 1.0         | 1.0            | 1.0                    | 0.0          | 999.67  | -30399.0 |
| CHRUSDT   | 0.0           | 0.0         | 0.0          | nan           | 100.0        | 1.0         | 1.0            | 1.0                    | 0.0          | 810.67  | -30399.0 |
| ATOMUSDT  | 0.0           | 0.0         | 0.0          | nan           | 100.0        | 1.0         | 1.0            | 1.0                    | 0.0          | 1209.46 | -30399.0 |
| CELRUSDT  | 0.0           | 0.0         | 0.0          | nan           | 100.0        | 1.0         | 1.0            | 1.0                    | 0.0          | 793.67  | -30399.0 |
| MATICUSDT | 0.0           | 0.0         | 0.0          | nan           | 100.0        | 1.0         | 1.0            | 1.0                    | 0.0          | 951.67  | -30399.0 |
| SKLUSDT   | 0.0           | 0.0         | 0.0          | nan           | 100.0        | 1.0         | 1.0            | 1.0                    | 0.0          | 904.67  | -30399.0 |
| SXPUSDT   | 0.0           | 0.0         | 0.0          | nan           | 100.0        | 1.0         | 1.0            | 1.0                    | 0.0          | 1044.58 | -30399.0 |
| HBARUSDT  | 0.0           | 0.0         | 0.0          | nan           | 100.0        | 1.0         | 1.0            | 1.0                    | 0.0          | 805.67  | -30399.0 |
| ANKRUSDT  | 0.0           | 0.0         | 0.0          | nan           | 100.0        | 1.0         | 1.0            | 1.0                    | 0.0          | 855.67  | -30399.0 |
| RSRUSDT   | 0.0           | 0.0         | 0.0          | nan           | 100.0        | 1.0         | 1.0            | 1.0                    | 0.0          | 954.67  | -30399.0 |
| SNXUSDT   | 0.0           | 0.0         | 0.0          | nan           | 100.0        | 1.0         | 1.0            | 1.0                    | 0.0          | 1020.67 | -30399.0 |
| MANAUSDT  | 0.0           | 0.0         | 0.0          | nan           | 100.0        | 1.0         | 1.0            | 1.0                    | 0.0          | 807.67  | -30399.0 |
| XTZUSDT   | 0.0           | 0.0         | 0.0          | nan           | 100.0        | 1.0         | 1.0            | 1.0                    | 0.0          | 1210.62 | -30399.0 |
| GRTUSDT   | 0.0           | 0.0         | 0.0          | nan           | 100.0        | 1.0         | 1.0            | 1.0                    | 0.0          | 893.67  | -30399.0 |
| UNIUSDT   | 0.0           | 0.0         | 0.0          | nan           | 100.0        | 1.0         | 1.0            | 1.0                    | 0.0          | 985.67  | -30399.0 |
| ADAUSDT   | 0.0           | 0.0         | 0.0          | nan           | 100.0        | 1.0         | 1.0            | 1.0                    | 0.0          | 1216.62 | -30399.0 |
| CHZUSDT   | 0.0           | 0.0         | 0.0          | nan           | 100.0        | 1.0         | 1.0            | 1.0                    | 0.0          | 860.67  | -30399.0 |
| FTMUSDT   | 0.0           | 0.0         | 0.0          | nan           | 100.0        | 1.0         | 1.0            | 1.0                    | 0.0          | 979.67  | -30399.0 |
| COTIUSDT  | 0.0           | 0.0         | 0.0          | nan           | 100.0        | 1.0         | 1.0            | 1.0                    | 0.0          | 812.67  | -30399.0 |
| LINKUSDT  | 0.0           | 0.0         | 0.0          | nan           | 100.0        | 1.0         | 1.0            | 1.0                    | 0.0          | 1230.62 | -30399.0 |
| ENJUSDT   | 0.0           | 0.0         | 0.0          | nan           | 100.0        | 1.0         | 1.0            | 1.0                    | 0.0          | 974.67  | -30399.0 |
| THETAUSDT | 0.0           | 0.0         | 0.0          | nan           | 100.0        | 1.0         | 1.0            | 1.0                    | 0.0          | 1099.62 | -30399.0 |
| DOTUSDT   | 0.0           | 0.0         | 0.0          | nan           | 100.0        | 1.0         | 1.0            | 1.0                    | 0.0          | 1012.67 | -30399.0 |
| DOGEUSDT  | 0.0           | 0.0         | 0.0          | nan           | 100.0        | 1.0         | 1.0            | 1.0                    | 0.0          | 1055.58 | -30399.0 |
| ONEUSDT   | 0.0           | 0.0         | 0.0          | nan           | 100.0        | 1.0         | 1.0            | 1.0                    | 0.0          | 804.67  | -30399.0 |
| AAVEUSDT  | 0.0           | 0.0         | 0.0          | nan           | 100.0        | 1.0         | 1.0            | 1.0                    | 0.0          | 957.67  | -30399.0 |
| VETUSDT   | 0.0           | 0.0         | 0.0          | nan           | 100.0        | 1.0         | 1.0            | 1.0                    | 0.0          | 1202.62 | -30399.0 |
| SANDUSDT  | 0.0           | 0.0         | 0.0          | nan           | 100.0        | 1.0         | 1.0            | 1.0                    | 0.0          | 856.67  | -30399.0 |
| ZILUSDT   | 0.0           | 0.0         | 0.0          | nan           | 100.0        | 1.0         | 1.0            | 1.0                    | 0.0          | 1077.58 | -30399.0 |
+-----------+---------------+-------------+--------------+---------------+--------------+-------------+----------------+------------------------+--------------+---------+----------+

