+------------------------------------------------------------------------------------------------------------------------------------------------------------------------------------------------+
|                                                                                              long                                                                                              |
+-----------+---------------------------+---------------+------------------+-----------------+-------------------+------------------------------+-----------------+--------+---------------------+
| symbol    | adg_weighted_per_exposure | hrs_stuck_max | pa_distance_mean | pa_distance_std | loss_profit_ratio | eqbal_ratio_mean_of_10_worst | eqbal_ratio_std | n_days | score               |
+-----------+---------------------------+---------------+------------------+-----------------+-------------------+------------------------------+-----------------+--------+---------------------+
| FETUSDT   | 0.008006                  | 38.37         | 0.00948          | 0.009177        | 0.004545          | 0.9449                       | 0.006477        | 96.88  | -56012.50800638799  |
| QNTUSDT   | 0.004886                  | 85.17         | 0.008354         | 0.009472        | 0.05968           | 0.9359                       | 0.006481        | 185.88 | -56012.50488645889  |
| MATICUSDT | 0.003759                  | 94.51         | 0.008275         | 0.01312         | 0.174             | 0.8727                       | 0.008785        | 722.96 | -56012.503758647785 |
| OPUSDT    | 0.003692                  | 81.96         | 0.01035          | 0.01244         | 0.09626           | 0.8958                       | 0.009173        | 326.38 | -56012.503691720514 |
| APEUSDT   | 0.00275                   | 95.53         | 0.009638         | 0.009242        | 0.01326           | 0.9282                       | 0.004339        | 402.33 | -56012.502750065614 |
| ARUSDT    | 0.002473                  | 57.6          | 0.009674         | 0.01214         | 0.2978            | 0.8619                       | 0.007907        | 572.83 | -56012.5024730306   |
| FTMUSDT   | 0.001395                  | 82.12         | 0.01583          | 0.01363         | 0.05335           | 0.8337                       | 0.006123        | 722.96 | -56012.50139527529  |
| UNIUSDT   | 0.00135                   | 83.55         | 0.01187          | 0.0142          | 0.2161            | 0.8039                       | 0.007383        | 722.96 | -56012.50135040145  |
| ZILUSDT   | 0.001177                  | 77.07         | 0.01187          | 0.009869        | 0.1085            | 0.9286                       | 0.003244        | 722.96 | -56012.5011771572   |
+-----------+---------------------------+---------------+------------------+-----------------+-------------------+------------------------------+-----------------+--------+---------------------+

+-------------------------------------------------------------------------------------------------------------------------------------------------------------------------------------+
|                                                                                        short                                                                                        |
+-----------+---------------------------+---------------+------------------+-----------------+-------------------+------------------------------+-----------------+--------+----------+
| symbol    | adg_weighted_per_exposure | hrs_stuck_max | pa_distance_mean | pa_distance_std | loss_profit_ratio | eqbal_ratio_mean_of_10_worst | eqbal_ratio_std | n_days | score    |
+-----------+---------------------------+---------------+------------------+-----------------+-------------------+------------------------------+-----------------+--------+----------+
| MATICUSDT | 0.0                       | nan           | 100.0            | 1.0             | 1.0               | 1.0                          | 0.0             | 722.96 | -18040.0 |
| APEUSDT   | 0.0                       | nan           | 100.0            | 1.0             | 1.0               | 1.0                          | 0.0             | 402.33 | -18040.0 |
| UNIUSDT   | 0.0                       | nan           | 100.0            | 1.0             | 1.0               | 1.0                          | 0.0             | 722.96 | -18040.0 |
| FETUSDT   | 0.0                       | nan           | 100.0            | 1.0             | 1.0               | 1.0                          | 0.0             | 96.88  | -18040.0 |
| ARUSDT    | 0.0                       | nan           | 100.0            | 1.0             | 1.0               | 1.0                          | 0.0             | 572.83 | -18040.0 |
| FTMUSDT   | 0.0                       | nan           | 100.0            | 1.0             | 1.0               | 1.0                          | 0.0             | 722.96 | -18040.0 |
| QNTUSDT   | 0.0                       | nan           | 100.0            | 1.0             | 1.0               | 1.0                          | 0.0             | 185.88 | -18040.0 |
| OPUSDT    | 0.0                       | nan           | 100.0            | 1.0             | 1.0               | 1.0                          | 0.0             | 326.38 | -18040.0 |
| ZILUSDT   | 0.0                       | nan           | 100.0            | 1.0             | 1.0               | 1.0                          | 0.0             | 82.33  | -18040.0 |
+-----------+---------------------------+---------------+------------------+-----------------+-------------------+------------------------------+-----------------+--------+----------+

