+-----------------------------------------------------------------------------------------------------------------------------------------------------------------------------------------+
|                                                                                           long                                                                                          |
+-----------+---------------+-------------+--------------+---------------+--------------+-------------+----------------+------------------------+--------------+---------+----------------+
| symbol    | adg_w_per_exp | adg_per_exp | exp_rts_mean | hrs_stuck_max | pa_dist_mean | pa_dist_std | loss_profit_rt | eqbal_rt_10_worst_mean | eqbal_rt_std | n_days  | score          |
+-----------+---------------+-------------+--------------+---------------+--------------+-------------+----------------+------------------------+--------------+---------+----------------+
| DOGEUSDT  | 0.002363      | 0.004199    | 0.09748      | 91.87         | 0.01029      | 0.01402     | 0.09176        | 0.9568                 | 0.002409     | 1055.58 | -425179.002363 |
| HBARUSDT  | 0.002146      | 0.003614    | 0.08359      | 81.52         | 0.00938      | 0.01598     | 0.1498         | 0.9555                 | 0.002171     | 805.67  | -425179.002146 |
| MATICUSDT | 0.001899      | 0.004882    | 0.07307      | 73.92         | 0.01008      | 0.01617     | 0.07226        | 0.9557                 | 0.002171     | 951.67  | -425179.001899 |
| MANAUSDT  | 0.001879      | 0.003398    | 0.09505      | 77.2          | 0.0112       | 0.01957     | 0.1359         | 0.9597                 | 0.002616     | 807.67  | -425179.001879 |
| CHZUSDT   | 0.001811      | 0.00262     | 0.05754      | 81.15         | 0.01105      | 0.01922     | 0.1345         | 0.9462                 | 0.002419     | 860.67  | -425179.001811 |
| SANDUSDT  | 0.001717      | 0.002907    | 0.06934      | 83.25         | 0.01231      | 0.01974     | 0.1061         | 0.9509                 | 0.00257      | 856.67  | -425179.001717 |
| COTIUSDT  | 0.001672      | 0.00305     | 0.09703      | 85.98         | 0.01625      | 0.01809     | 0.1289         | 0.9537                 | 0.002763     | 812.67  | -425179.001672 |
| LINKUSDT  | 0.001672      | 0.003254    | 0.08526      | 92.98         | 0.01101      | 0.01815     | 0.1328         | 0.9519                 | 0.002425     | 1230.62 | -425179.001672 |
| ANKRUSDT  | 0.001598      | 0.002365    | 0.08425      | 80.93         | 0.01543      | 0.01799     | 0.09998        | 0.9504                 | 0.00288      | 855.67  | -425179.001598 |
| SUSHIUSDT | 0.001565      | 0.003429    | 0.09756      | 73.48         | 0.01533      | 0.01652     | 0.08719        | 0.9475                 | 0.002376     | 999.67  | -425179.001565 |
| GRTUSDT   | 0.001425      | 0.002431    | 0.05565      | 81.57         | 0.01449      | 0.01977     | 0.1331         | 0.9424                 | 0.00228      | 893.67  | -425179.001425 |
| SXPUSDT   | 0.001358      | 0.004141    | 0.07291      | 69.73         | 0.01241      | 0.01524     | 0.1166         | 0.9565                 | 0.002259     | 1044.58 | -425179.001358 |
| ENJUSDT   | 0.00132       | 0.002971    | 0.09823      | 93.3          | 0.01344      | 0.01914     | 0.09615        | 0.934                  | 0.002972     | 974.67  | -425179.00132  |
| RSRUSDT   | 0.001314      | 0.001733    | 0.04185      | 86.83         | 0.01617      | 0.0174      | 0.123          | 0.9575                 | 0.001984     | 954.67  | -425179.001314 |
| ATOMUSDT  | 0.001305      | 0.002213    | 0.05684      | 86.97         | 0.0121       | 0.01985     | 0.113          | 0.9318                 | 0.002085     | 1209.46 | -425179.001305 |
| SKLUSDT   | 0.001295      | 0.002045    | 0.05841      | 84.88         | 0.01567      | 0.01794     | 0.1121         | 0.9603                 | 0.002029     | 904.67  | -425179.001295 |
| SNXUSDT   | 0.001241      | 0.001918    | 0.07592      | 81.25         | 0.01782      | 0.01769     | 0.06999        | 0.9603                 | 0.002329     | 1020.67 | -425179.001241 |
| THETAUSDT | 0.001224      | 0.002946    | 0.07503      | 86.3          | 0.0148       | 0.01424     | 0.1045         | 0.9579                 | 0.001969     | 1099.62 | -425179.001224 |
| CELRUSDT  | 0.001206      | 0.002336    | 0.05856      | 94.32         | 0.01571      | 0.01977     | 0.0635         | 0.9518                 | 0.002331     | 793.67  | -425179.001206 |
| DOTUSDT   | 0.001193      | 0.002712    | 0.09865      | 57.43         | 0.01196      | 0.01958     | 0.1133         | 0.9473                 | 0.002788     | 1012.67 | -425179.001193 |
| FTMUSDT   | 0.001152      | 0.001909    | 0.04527      | 86.07         | 0.01766      | 0.01818     | 0.1289         | 0.9545                 | 0.002004     | 979.67  | -425179.001152 |
| ONEUSDT   | 0.001037      | 0.002025    | 0.03811      | 64.42         | 0.01026      | 0.01681     | 0.0782         | 0.9542                 | 0.001864     | 804.67  | -425179.001037 |
| UNIUSDT   | 0.0009314     | 0.002221    | 0.0916       | 94.67         | 0.0185       | 0.01918     | 0.1006         | 0.9566                 | 0.002244     | 985.67  | -425179.000931 |
| ADAUSDT   | 0.0008981     | 0.002308    | 0.04034      | 67.93         | 0.008036     | 0.01432     | 0.1199         | 0.9541                 | 0.001555     | 1216.62 | -425179.000898 |
| ZILUSDT   | 0.0008072     | 0.001434    | 0.03634      | 83.4          | 0.01375      | 0.0118      | 0.1025         | 0.9738                 | 0.0009975    | 1077.58 | -425179.000807 |
| VETUSDT   | 0.0007998     | 0.002199    | 0.03296      | 91.33         | 0.01255      | 0.01929     | 0.08064        | 0.9309                 | 0.001744     | 1202.62 | -425179.0008   |
| CHRUSDT   | 0.0007834     | 0.001782    | 0.04577      | 89.6          | 0.01642      | 0.01652     | 0.08952        | 0.9632                 | 0.001652     | 810.67  | -425179.000783 |
| XTZUSDT   | 0.0007446     | 0.001486    | 0.03236      | 83.4          | 0.0126       | 0.01482     | 0.1042         | 0.9557                 | 0.00145      | 1210.62 | -425179.000745 |
| AAVEUSDT  | 0.0003573     | 0.001295    | 0.05975      | 83.37         | 0.01984      | 0.0192      | 0.1204         | 0.9595                 | 0.001796     | 957.67  | -425179.000357 |
+-----------+---------------+-------------+--------------+---------------+--------------+-------------+----------------+------------------------+--------------+---------+----------------+

+-----------------------------------------------------------------------------------------------------------------------------------------------------------------------------------+
|                                                                                       short                                                                                       |
+-----------+---------------+-------------+--------------+---------------+--------------+-------------+----------------+------------------------+--------------+---------+----------+
| symbol    | adg_w_per_exp | adg_per_exp | exp_rts_mean | hrs_stuck_max | pa_dist_mean | pa_dist_std | loss_profit_rt | eqbal_rt_10_worst_mean | eqbal_rt_std | n_days  | score    |
+-----------+---------------+-------------+--------------+---------------+--------------+-------------+----------------+------------------------+--------------+---------+----------+
| SUSHIUSDT | 0.0           | 0.0         | 0.0          | nan           | 100.0        | 1.0         | 1.0            | 1.0                    | 0.0          | 999.67  | -30399.0 |
| CHRUSDT   | 0.0           | 0.0         | 0.0          | nan           | 100.0        | 1.0         | 1.0            | 1.0                    | 0.0          | 810.67  | -30399.0 |
| ATOMUSDT  | 0.0           | 0.0         | 0.0          | nan           | 100.0        | 1.0         | 1.0            | 1.0                    | 0.0          | 1209.46 | -30399.0 |
| CELRUSDT  | 0.0           | 0.0         | 0.0          | nan           | 100.0        | 1.0         | 1.0            | 1.0                    | 0.0          | 793.67  | -30399.0 |
| MATICUSDT | 0.0           | 0.0         | 0.0          | nan           | 100.0        | 1.0         | 1.0            | 1.0                    | 0.0          | 951.67  | -30399.0 |
| SKLUSDT   | 0.0           | 0.0         | 0.0          | nan           | 100.0        | 1.0         | 1.0            | 1.0                    | 0.0          | 904.67  | -30399.0 |
| SXPUSDT   | 0.0           | 0.0         | 0.0          | nan           | 100.0        | 1.0         | 1.0            | 1.0                    | 0.0          | 1044.58 | -30399.0 |
| HBARUSDT  | 0.0           | 0.0         | 0.0          | nan           | 100.0        | 1.0         | 1.0            | 1.0                    | 0.0          | 805.67  | -30399.0 |
| ANKRUSDT  | 0.0           | 0.0         | 0.0          | nan           | 100.0        | 1.0         | 1.0            | 1.0                    | 0.0          | 855.67  | -30399.0 |
| RSRUSDT   | 0.0           | 0.0         | 0.0          | nan           | 100.0        | 1.0         | 1.0            | 1.0                    | 0.0          | 954.67  | -30399.0 |
| SNXUSDT   | 0.0           | 0.0         | 0.0          | nan           | 100.0        | 1.0         | 1.0            | 1.0                    | 0.0          | 1020.67 | -30399.0 |
| MANAUSDT  | 0.0           | 0.0         | 0.0          | nan           | 100.0        | 1.0         | 1.0            | 1.0                    | 0.0          | 807.67  | -30399.0 |
| XTZUSDT   | 0.0           | 0.0         | 0.0          | nan           | 100.0        | 1.0         | 1.0            | 1.0                    | 0.0          | 1210.62 | -30399.0 |
| GRTUSDT   | 0.0           | 0.0         | 0.0          | nan           | 100.0        | 1.0         | 1.0            | 1.0                    | 0.0          | 893.67  | -30399.0 |
| UNIUSDT   | 0.0           | 0.0         | 0.0          | nan           | 100.0        | 1.0         | 1.0            | 1.0                    | 0.0          | 985.67  | -30399.0 |
| ADAUSDT   | 0.0           | 0.0         | 0.0          | nan           | 100.0        | 1.0         | 1.0            | 1.0                    | 0.0          | 1216.62 | -30399.0 |
| CHZUSDT   | 0.0           | 0.0         | 0.0          | nan           | 100.0        | 1.0         | 1.0            | 1.0                    | 0.0          | 860.67  | -30399.0 |
| FTMUSDT   | 0.0           | 0.0         | 0.0          | nan           | 100.0        | 1.0         | 1.0            | 1.0                    | 0.0          | 979.67  | -30399.0 |
| COTIUSDT  | 0.0           | 0.0         | 0.0          | nan           | 100.0        | 1.0         | 1.0            | 1.0                    | 0.0          | 812.67  | -30399.0 |
| LINKUSDT  | 0.0           | 0.0         | 0.0          | nan           | 100.0        | 1.0         | 1.0            | 1.0                    | 0.0          | 1230.62 | -30399.0 |
| ENJUSDT   | 0.0           | 0.0         | 0.0          | nan           | 100.0        | 1.0         | 1.0            | 1.0                    | 0.0          | 974.67  | -30399.0 |
| THETAUSDT | 0.0           | 0.0         | 0.0          | nan           | 100.0        | 1.0         | 1.0            | 1.0                    | 0.0          | 1099.62 | -30399.0 |
| DOTUSDT   | 0.0           | 0.0         | 0.0          | nan           | 100.0        | 1.0         | 1.0            | 1.0                    | 0.0          | 1012.67 | -30399.0 |
| DOGEUSDT  | 0.0           | 0.0         | 0.0          | nan           | 100.0        | 1.0         | 1.0            | 1.0                    | 0.0          | 1055.58 | -30399.0 |
| ONEUSDT   | 0.0           | 0.0         | 0.0          | nan           | 100.0        | 1.0         | 1.0            | 1.0                    | 0.0          | 804.67  | -30399.0 |
| AAVEUSDT  | 0.0           | 0.0         | 0.0          | nan           | 100.0        | 1.0         | 1.0            | 1.0                    | 0.0          | 957.67  | -30399.0 |
| VETUSDT   | 0.0           | 0.0         | 0.0          | nan           | 100.0        | 1.0         | 1.0            | 1.0                    | 0.0          | 1202.62 | -30399.0 |
| SANDUSDT  | 0.0           | 0.0         | 0.0          | nan           | 100.0        | 1.0         | 1.0            | 1.0                    | 0.0          | 856.67  | -30399.0 |
| ZILUSDT   | 0.0           | 0.0         | 0.0          | nan           | 100.0        | 1.0         | 1.0            | 1.0                    | 0.0          | 1077.58 | -30399.0 |
+-----------+---------------+-------------+--------------+---------------+--------------+-------------+----------------+------------------------+--------------+---------+----------+

