+---------------------------------------------------------------------------------------------------------------------------------------------------------------------------------------------------+
|                                                                                                long                                                                                               |
+--------------+---------------------------+---------------+------------------+-----------------+-------------------+------------------------------+-----------------+--------+---------------------+
| symbol       | adg_weighted_per_exposure | hrs_stuck_max | pa_distance_mean | pa_distance_std | loss_profit_ratio | eqbal_ratio_mean_of_10_worst | eqbal_ratio_std | n_days | score               |
+--------------+---------------------------+---------------+------------------+-----------------+-------------------+------------------------------+-----------------+--------+---------------------+
| TLMUSDT      | 0.08903                   | 15.15         | 0.02299          | 0.009425        | 0.0               | 1.003                        | 0.006746        | 1.46   | -56012.58902876955  |
| JOEUSDT      | 0.07769                   | 5.583         | 0.01056          | 0.009178        | 0.0               | 0.9991                       | 0.002864        | 2.46   | -56012.57769166186  |
| ARBUSDT      | 0.05671                   | 22.72         | 0.01535          | 0.01125         | 0.2417            | 0.9514                       | 0.007886        | 8.33   | -56012.556708383345 |
| IDUSDT       | 0.03416                   | 31.92         | 0.01812          | 0.01363         | 0.1288            | 0.9772                       | 0.007024        | 8.38   | -56012.5341648411   |
| LQTYUSDT     | 0.02068                   | 41.05         | 0.01275          | 0.01252         | 0.2333            | 0.9469                       | 0.008895        | 21.46  | -56012.520679522975 |
| SSVUSDT      | 0.01702                   | 12.48         | 0.009326         | 0.01013         | 0.006252          | 0.9574                       | 0.00939         | 35.46  | -56012.517017752165 |
| MAGICUSDT    | 0.01542                   | 19.13         | 0.008914         | 0.009564        | 0.2456            | 0.9494                       | 0.008273        | 65.83  | -56012.51542212472  |
| FETUSDT      | 0.01004                   | 45.42         | 0.0131           | 0.01192         | 0.09596           | 0.9381                       | 0.009693        | 73.88  | -56012.51003990107  |
| MINAUSDT     | 0.009781                  | 16.5          | 0.008319         | 0.009238        | 0.148             | 0.9527                       | 0.00823         | 52.5   | -56012.509781426925 |
| CKBUSDT      | 0.009766                  | 65.6          | 0.01286          | 0.009964        | 0.001087          | 0.9411                       | 0.005593        | 31.46  | -56012.509766284915 |
| ACHUSDT      | 0.009622                  | 19.57         | 0.01695          | 0.01584         | 0.171             | 0.9402                       | 0.009664        | 37.38  | -56012.50962237449  |
| TRUUSDT      | 0.009386                  | 66.33         | 0.01667          | 0.01369         | 0.005631          | 0.9627                       | 0.008935        | 24.46  | -56012.50938592131  |
| RNDRUSDT     | 0.008047                  | 28.13         | 0.012            | 0.01142         | 0.06881           | 0.9563                       | 0.005953        | 56.88  | -56012.50804746999  |
| AGIXUSDT     | 0.007934                  | 24.45         | 0.01             | 0.01218         | 0.08962           | 0.9224                       | 0.007848        | 43.38  | -56012.50793409464  |
| CFXUSDT      | 0.007881                  | 19.92         | 0.01617          | 0.01329         | 0.2726            | 0.9227                       | 0.00705         | 39.38  | -56012.507881167214 |
| HIGHUSDT     | 0.007531                  | 47.58         | 0.0175           | 0.01282         | 0.1583            | 0.9429                       | 0.009046        | 52.88  | -56012.50753111094  |
| STXUSDT      | 0.00674                   | 35.52         | 0.01544          | 0.01127         | 0.002472          | 0.9558                       | 0.005549        | 38.38  | -56012.50674036714  |
| ASTRUSDT     | 0.006453                  | 43.98         | 0.01071          | 0.008393        | 0.1059            | 0.9519                       | 0.006641        | 45.88  | -56012.50645322175  |
| HOOKUSDT     | 0.006347                  | 66.87         | 0.01752          | 0.01225         | 0.1264            | 0.9542                       | 0.007655        | 67.83  | -56012.506346941766 |
| GMXUSDT      | 0.006299                  | 61.22         | 0.02238          | 0.01629         | 0.07522           | 0.9328                       | 0.009544        | 42.38  | -56012.50629949832  |
| COCOSUSDT    | 0.00597                   | 54.18         | 0.01845          | 0.01495         | 0.1845            | 0.9171                       | 0.009394        | 38.38  | -56012.50597013411  |
| OPUSDT       | 0.005924                  | 78.77         | 0.01253          | 0.01379         | 0.1946            | 0.8451                       | 0.009435        | 303.38 | -56012.50592361676  |
| ICPUSDT      | 0.005904                  | 43.17         | 0.008244         | 0.01086         | 0.221             | 0.9261                       | 0.00851         | 185.88 | -56012.505903919315 |
| TUSDT        | 0.00514                   | 33.17         | 0.01299          | 0.01011         | 0.2448            | 0.9438                       | 0.005803        | 58.42  | -56012.5051400746   |
| FXSUSDT      | 0.004852                  | 73.85         | 0.0237           | 0.02179         | 0.2817            | 0.949                        | 0.007649        | 70.83  | -56012.50485248107  |
| STGUSDT      | 0.004714                  | 60.07         | 0.01054          | 0.008874        | 0.04561           | 0.9297                       | 0.006467        | 218.46 | -56012.504713543094 |
| DODOUSDT     | 0.004583                  | 40.23         | 0.00905          | 0.01599         | 0.1523            | 0.8673                       | 0.009857        | 391.38 | -56012.50458339187  |
| INJUSDT      | 0.004578                  | 82.38         | 0.01501          | 0.01491         | 0.2711            | 0.9072                       | 0.008899        | 226.88 | -56012.50457787853  |
| IMXUSDT      | 0.004371                  | 81.53         | 0.01329          | 0.01279         | 0.2901            | 0.8273                       | 0.009394        | 413.83 | -56012.504370718976 |
| LDOUSDT      | 0.00432                   | 88.03         | 0.01305          | 0.01083         | 0.2945            | 0.918                        | 0.007603        | 190.46 | -56012.504320362714 |
| SPELLUSDT    | 0.004203                  | 56.25         | 0.008315         | 0.009864        | 0.1506            | 0.8994                       | 0.007559        | 206.46 | -56012.504202929515 |
| 1000LUNCUSDT | 0.003952                  | 64.2          | 0.0099           | 0.01178         | 0.2996            | 0.7986                       | 0.0082          | 203.42 | -56012.50395242707  |
| SOLUSDT      | 0.003803                  | 60.5          | 0.008119         | 0.01265         | 0.2994            | 0.8205                       | 0.009213        | 699.96 | -56012.50380317318  |
| BNXUSDT      | 0.003641                  | 16.58         | 0.00969          | 0.007753        | 0.06323           | 0.9468                       | 0.004966        | 37.38  | -56012.50364103618  |
| AKROUSDT     | 0.003613                  | 70.27         | 0.0151           | 0.01556         | 0.1362            | 0.8982                       | 0.008376        | 391.38 | -56012.50361329332  |
| APTUSDT      | 0.003449                  | 69.07         | 0.01102          | 0.01466         | 0.2659            | 0.822                        | 0.009215        | 163.88 | -56012.50344941583  |
| WOOUSDT      | 0.003424                  | 54.17         | 0.009434         | 0.01148         | 0.1971            | 0.9034                       | 0.008223        | 357.83 | -56012.50342397875  |
| GALAUSDT     | 0.003173                  | 54.08         | 0.007204         | 0.01262         | 0.2572            | 0.8007                       | 0.006803        | 559.83 | -56012.503172632234 |
| ARUSDT       | 0.003154                  | 56.88         | 0.009486         | 0.01262         | 0.2733            | 0.9244                       | 0.008504        | 549.83 | -56012.50315372426  |
| GRTUSDT      | 0.003084                  | 48.95         | 0.007937         | 0.01805         | 0.2433            | 0.8211                       | 0.009381        | 699.96 | -56012.50308397086  |
| HNTUSDT      | 0.003082                  | 57.32         | 0.01055          | 0.01398         | 0.2079            | 0.8878                       | 0.008966        | 699.96 | -56012.50308217216  |
| HBARUSDT     | 0.002781                  | 62.43         | 0.00735          | 0.01511         | 0.2479            | 0.8624                       | 0.008798        | 699.96 | -56012.50278131019  |
| MANAUSDT     | 0.002756                  | 74.52         | 0.009999         | 0.01184         | 0.1401            | 0.7286                       | 0.009922        | 699.96 | -56012.50275585914  |
| DUSKUSDT     | 0.002749                  | 71.17         | 0.01256          | 0.01563         | 0.2001            | 0.889                        | 0.009052        | 448.83 | -56012.50274900746  |
| CELOUSDT     | 0.002743                  | 80.52         | 0.01094          | 0.01278         | 0.157             | 0.8865                       | 0.009547        | 550.83 | -56012.502743282326 |
| CVXUSDT      | 0.002705                  | 91.2          | 0.01182          | 0.0107          | 0.1159            | 0.9352                       | 0.009131        | 190.46 | -56012.50270481952  |
| APEUSDT      | 0.002662                  | 87.18         | 0.009835         | 0.01277         | 0.287             | 0.8664                       | 0.00978         | 379.33 | -56012.50266199419  |
| SANDUSDT     | 0.002557                  | 67.78         | 0.01014          | 0.01414         | 0.1176            | 0.8609                       | 0.009409        | 699.96 | -56012.50255691624  |
| DOGEUSDT     | 0.002556                  | 67.83         | 0.008383         | 0.01201         | 0.2198            | 0.817                        | 0.009525        | 699.96 | -56012.50255649847  |
| GALUSDT      | 0.002446                  | 63.2          | 0.008103         | 0.01562         | 0.2618            | 0.8839                       | 0.006561        | 330.38 | -56012.5024462743   |
| ETCUSDT      | 0.002309                  | 38.4          | 0.006018         | 0.01139         | 0.2052            | 0.8904                       | 0.006667        | 699.96 | -56012.502309479474 |
| ROSEUSDT     | 0.002298                  | 53.72         | 0.004745         | 0.00495         | 0.2941            | 0.8836                       | 0.001944        | 455.83 | -56012.50229826009  |
| DYDXUSDT     | 0.00229                   | 82.9          | 0.01677          | 0.01383         | 0.2604            | 0.9003                       | 0.006518        | 567.83 | -56012.50229022023  |
| JASMYUSDT    | 0.002285                  | 47.03         | 0.009143         | 0.009012        | 0.1236            | 0.7868                       | 0.004549        | 345.83 | -56012.50228468173  |
| LRCUSDT      | 0.002211                  | 71.5          | 0.009761         | 0.01567         | 0.09056           | 0.8475                       | 0.009513        | 699.96 | -56012.50221141099  |
| LUNA2USDT    | 0.002158                  | 89.7          | 0.01268          | 0.01656         | 0.18              | 0.859                        | 0.009831        | 202.83 | -56012.50215839088  |
| FLOWUSDT     | 0.002145                  | 31.6          | 0.007467         | 0.01047         | 0.1672            | 0.9088                       | 0.008319        | 414.83 | -56012.50214474132  |
| BANDUSDT     | 0.00211                   | 41.0          | 0.007316         | 0.01302         | 0.2679            | 0.9038                       | 0.008402        | 699.96 | -56012.50210960611  |
| MASKUSDT     | 0.002098                  | 90.38         | 0.01354          | 0.01609         | 0.2661            | 0.8467                       | 0.008481        | 581.83 | -56012.50209844374  |
| ANKRUSDT     | 0.002088                  | 52.4          | 0.009016         | 0.01489         | 0.2793            | 0.7846                       | 0.009262        | 699.96 | -56012.50208814586  |
| OCEANUSDT    | 0.00208                   | 68.4          | 0.009583         | 0.0192          | 0.1514            | 0.8866                       | 0.009781        | 699.96 | -56012.50207987579  |
| AVAXUSDT     | 0.002077                  | 93.73         | 0.008507         | 0.01484         | 0.2667            | 0.8546                       | 0.009765        | 699.96 | -56012.50207744943  |
| CTSIUSDT     | 0.002054                  | 86.32         | 0.01263          | 0.01535         | 0.2324            | 0.8506                       | 0.00984         | 521.83 | -56012.50205416347  |
| NEARUSDT     | 0.002047                  | 61.47         | 0.009556         | 0.01676         | 0.2519            | 0.8822                       | 0.009184        | 699.96 | -56012.502047400456 |
| XRPUSDT      | 0.001952                  | 58.37         | 0.007641         | 0.01498         | 0.2778            | 0.8301                       | 0.009056        | 699.96 | -56012.50195185038  |
| MATICUSDT    | 0.001944                  | 80.95         | 0.007974         | 0.02026         | 0.265             | 0.8486                       | 0.008801        | 699.96 | -56012.501944279444 |
| SUSHIUSDT    | 0.001868                  | 62.62         | 0.01373          | 0.01224         | 0.1686            | 0.87                         | 0.008299        | 699.96 | -56012.50186765802  |
| REEFUSDT     | 0.001858                  | 78.88         | 0.01471          | 0.0149          | 0.2326            | 0.8008                       | 0.008965        | 699.96 | -56012.501858189935 |
| ARPAUSDT     | 0.001834                  | 95.87         | 0.01225          | 0.01575         | 0.182             | 0.8927                       | 0.009757        | 528.83 | -56012.50183403528  |
| NKNUSDT      | 0.001821                  | 92.42         | 0.01362          | 0.01467         | 0.2336            | 0.833                        | 0.009503        | 699.96 | -56012.501820590245 |
| UNFIUSDT     | 0.001814                  | 68.8          | 0.01785          | 0.01794         | 0.2755            | 0.8305                       | 0.00475         | 699.96 | -56012.50181420136  |
| HOTUSDT      | 0.001813                  | 75.33         | 0.008685         | 0.01674         | 0.1642            | 0.866                        | 0.009034        | 699.96 | -56012.50181310989  |
| SNXUSDT      | 0.001805                  | 40.9          | 0.009359         | 0.01364         | 0.2699            | 0.8933                       | 0.008137        | 699.96 | -56012.50180475734  |
| DARUSDT      | 0.001804                  | 95.4          | 0.01328          | 0.01268         | 0.1246            | 0.8602                       | 0.007842        | 336.83 | -56012.50180427937  |
| CHZUSDT      | 0.001798                  | 62.92         | 0.007624         | 0.01652         | 0.1735            | 0.8161                       | 0.008162        | 699.96 | -56012.50179847947  |
| YFIUSDT      | 0.001755                  | 85.55         | 0.01072          | 0.01255         | 0.2549            | 0.8534                       | 0.008417        | 699.96 | -56012.501755157864 |
| KSMUSDT      | 0.001746                  | 68.07         | 0.01052          | 0.01966         | 0.2394            | 0.8828                       | 0.009096        | 699.96 | -56012.50174628968  |
| RLCUSDT      | 0.001731                  | 76.6          | 0.01629          | 0.01876         | 0.2303            | 0.8106                       | 0.009815        | 699.96 | -56012.50173118425  |
| AXSUSDT      | 0.001715                  | 83.45         | 0.01515          | 0.01208         | 0.2864            | 0.8625                       | 0.007833        | 699.96 | -56012.501715222024 |
| C98USDT      | 0.0017                    | 74.48         | 0.01545          | 0.01325         | 0.1141            | 0.85                         | 0.008869        | 584.83 | -56012.50170004023  |
| RENUSDT      | 0.001696                  | 51.12         | 0.01035          | 0.02329         | 0.1353            | 0.8085                       | 0.009658        | 699.96 | -56012.501696282954 |
| PEOPLEUSDT   | 0.001691                  | 74.1          | 0.0107           | 0.01319         | 0.2019            | 0.7442                       | 0.007351        | 462.79 | -56012.50169101333  |
| API3USDT     | 0.001665                  | 77.17         | 0.01277          | 0.01462         | 0.1944            | 0.8867                       | 0.009003        | 402.83 | -56012.501664507945 |
| MKRUSDT      | 0.001661                  | 70.95         | 0.01126          | 0.01143         | 0.2855            | 0.9147                       | 0.00821         | 699.96 | -56012.50166137055  |
| FTMUSDT      | 0.00166                   | 75.77         | 0.01254          | 0.01318         | 0.25              | 0.8966                       | 0.008699        | 699.96 | -56012.50166033195  |
| ENSUSDT      | 0.001647                  | 82.65         | 0.01064          | 0.009951        | 0.2519            | 0.9201                       | 0.00607         | 486.83 | -56012.50164737317  |
| VETUSDT      | 0.00164                   | 61.45         | 0.009118         | 0.01491         | 0.2712            | 0.8744                       | 0.009007        | 699.96 | -56012.50164028788  |
| 1INCHUSDT    | 0.001639                  | 81.77         | 0.01388          | 0.01875         | 0.1376            | 0.8151                       | 0.0097          | 699.96 | -56012.50163855485  |
| ONEUSDT      | 0.001621                  | 63.37         | 0.009818         | 0.01393         | 0.1986            | 0.7266                       | 0.00841         | 699.96 | -56012.50162081726  |
| RVNUSDT      | 0.001606                  | 92.07         | 0.01204          | 0.01653         | 0.225             | 0.8541                       | 0.009528        | 699.96 | -56012.501605868616 |
| WAVESUSDT    | 0.0016                    | 76.65         | 0.01305          | 0.01545         | 0.2619            | 0.8671                       | 0.008483        | 699.96 | -56012.50160037013  |
| ALGOUSDT     | 0.001594                  | 64.0          | 0.01012          | 0.01392         | 0.1965            | 0.8149                       | 0.008931        | 699.96 | -56012.50159421553  |
| OMGUSDT      | 0.001586                  | 66.2          | 0.009404         | 0.01532         | 0.2112            | 0.8797                       | 0.009102        | 699.96 | -56012.501586422935 |
| AUDIOUSDT    | 0.001532                  | 73.47         | 0.009378         | 0.01371         | 0.1658            | 0.8533                       | 0.007738        | 589.83 | -56012.50153226621  |
| 1000XECUSDT  | 0.001532                  | 55.05         | 0.007225         | 0.01364         | 0.2859            | 0.91                         | 0.008231        | 560.83 | -56012.501531735164 |
| COTIUSDT     | 0.001524                  | 55.65         | 0.009987         | 0.01866         | 0.2968            | 0.8319                       | 0.009627        | 699.96 | -56012.50152431888  |
| AAVEUSDT     | 0.001518                  | 74.4          | 0.01083          | 0.0147          | 0.1894            | 0.8704                       | 0.008718        | 699.96 | -56012.50151785869  |
| SKLUSDT      | 0.001507                  | 79.85         | 0.01205          | 0.01765         | 0.1724            | 0.8591                       | 0.009167        | 699.96 | -56012.5015065833   |
| ADAUSDT      | 0.001499                  | 67.9          | 0.007184         | 0.007335        | 0.08026           | 0.934                        | 0.005939        | 699.96 | -56012.50149925206  |
| COMPUSDT     | 0.001489                  | 54.15         | 0.01092          | 0.01425         | 0.1442            | 0.901                        | 0.009171        | 699.96 | -56012.501488528316 |
| ATOMUSDT     | 0.001409                  | 79.78         | 0.01073          | 0.01306         | 0.1563            | 0.8807                       | 0.009222        | 699.96 | -56012.501408528085 |
| DOTUSDT      | 0.001391                  | 75.3          | 0.008697         | 0.01544         | 0.2684            | 0.8654                       | 0.009379        | 699.96 | -56012.501391356054 |
| THETAUSDT    | 0.001363                  | 69.02         | 0.01291          | 0.01106         | 0.2786            | 0.8705                       | 0.005868        | 699.96 | -56012.50136262491  |
| CTKUSDT      | 0.001356                  | 62.8          | 0.008598         | 0.01455         | 0.2028            | 0.8233                       | 0.009854        | 699.96 | -56012.50135583132  |
| ALICEUSDT    | 0.001353                  | 94.92         | 0.01548          | 0.01294         | 0.2015            | 0.8427                       | 0.007752        | 699.96 | -56012.501353117    |
| IOTAUSDT     | 0.001342                  | 53.05         | 0.007358         | 0.01482         | 0.2101            | 0.8064                       | 0.009445        | 699.96 | -56012.501342460775 |
| GMTUSDT      | 0.001335                  | 90.45         | 0.01138          | 0.009831        | 0.2284            | 0.9336                       | 0.002982        | 381.79 | -56012.501334877874 |
| CELRUSDT     | 0.001248                  | 90.68         | 0.01706          | 0.01602         | 0.2476            | 0.7278                       | 0.009735        | 699.96 | -56012.50124776218  |
| MTLUSDT      | 0.001246                  | 84.77         | 0.01461          | 0.01743         | 0.1115            | 0.8295                       | 0.009477        | 699.96 | -56012.50124587781  |
| EOSUSDT      | 0.001243                  | 91.28         | 0.01032          | 0.01465         | 0.2467            | 0.8729                       | 0.00978         | 699.96 | -56012.50124268589  |
| UNIUSDT      | 0.001237                  | 80.3          | 0.01336          | 0.01607         | 0.2403            | 0.8273                       | 0.009689        | 699.96 | -56012.50123743736  |
| TOMOUSDT     | 0.001226                  | 95.58         | 0.01002          | 0.009337        | 0.1942            | 0.894                        | 0.003939        | 699.96 | -56012.5012260567   |
| DASHUSDT     | 0.001226                  | 53.32         | 0.01226          | 0.01545         | 0.2087            | 0.894                        | 0.009502        | 699.96 | -56012.501225921806 |
| DENTUSDT     | 0.001161                  | 57.85         | 0.007361         | 0.02147         | 0.2105            | 0.8291                       | 0.00874         | 699.96 | -56012.50116058909  |
| LINKUSDT     | 0.001158                  | 72.38         | 0.01128          | 0.01712         | 0.1937            | 0.8506                       | 0.009693        | 699.96 | -56012.501157799255 |
| SFPUSDT      | 0.001128                  | 65.85         | 0.01311          | 0.01353         | 0.1826            | 0.8784                       | 0.005082        | 699.96 | -56012.50112809798  |
| RSRUSDT      | 0.001119                  | 81.28         | 0.01459          | 0.01827         | 0.1477            | 0.858                        | 0.009387        | 699.96 | -56012.50111944492  |
| ALPHAUSDT    | 0.001109                  | 51.08         | 0.01194          | 0.01582         | 0.2387            | 0.8881                       | 0.00985         | 699.96 | -56012.501109369    |
| ZENUSDT      | 0.001109                  | 90.48         | 0.01522          | 0.01312         | 0.2821            | 0.8952                       | 0.006928        | 699.96 | -56012.50110882372  |
| IOSTUSDT     | 0.001095                  | 95.88         | 0.009609         | 0.01961         | 0.1612            | 0.7199                       | 0.009767        | 699.96 | -56012.5010954278   |
| LTCUSDT      | 0.001083                  | 71.62         | 0.01015          | 0.01285         | 0.2458            | 0.9064                       | 0.007418        | 699.96 | -56012.50108271974  |
| ZILUSDT      | 0.001081                  | 69.38         | 0.01212          | 0.01394         | 0.2225            | 0.8895                       | 0.007964        | 699.96 | -56012.50108136478  |
| OGNUSDT      | 0.001075                  | 54.43         | 0.01346          | 0.01932         | 0.2524            | 0.8808                       | 0.009949        | 699.96 | -56012.50107517015  |
| ZECUSDT      | 0.001014                  | 95.68         | 0.01373          | 0.01356         | 0.195             | 0.885                        | 0.008994        | 699.96 | -56012.5010139934   |
| DGBUSDT      | 0.00101                   | 65.7          | 0.01249          | 0.01909         | 0.1508            | 0.8491                       | 0.009824        | 699.96 | -56012.50100972976  |
| ONTUSDT      | 0.001008                  | 62.85         | 0.01062          | 0.01348         | 0.2565            | 0.8504                       | 0.009154        | 699.96 | -56012.501008043546 |
| BATUSDT      | 0.001003                  | 55.4          | 0.00996          | 0.0107          | 0.04925           | 0.9234                       | 0.005635        | 699.96 | -56012.50100262847  |
| ICXUSDT      | 0.001002                  | 75.78         | 0.01351          | 0.01706         | 0.1203            | 0.8473                       | 0.009951        | 699.96 | -56012.501002360485 |
| ETHUSDT      | 0.001001                  | 53.33         | 0.004383         | 0.006371        | 0.2405            | 0.9386                       | 0.003178        | 699.96 | -56012.501001008146 |
| ANTUSDT      | 0.001                     | 90.83         | 0.01088          | 0.009267        | 0.2595            | 0.9031                       | 0.00365         | 459.79 | -56012.5010004841   |
| NEOUSDT      | 0.000996                  | 90.35         | 0.01107          | 0.01574         | 0.1477            | 0.8442                       | 0.00888         | 699.96 | -56012.500996020055 |
| STORJUSDT    | 0.0009932                 | 72.8          | 0.008729         | 0.01502         | 0.1079            | 0.8141                       | 0.007084        | 699.96 | -56012.50099323667  |
| QTUMUSDT     | 0.0009701                 | 70.67         | 0.01175          | 0.01144         | 0.1733            | 0.8896                       | 0.00492         | 699.96 | -56012.50097013563  |
| GTCUSDT      | 0.000962                  | 90.48         | 0.01398          | 0.01107         | 0.01298           | 0.9021                       | 0.003245        | 658.83 | -56012.50096201453  |
| BELUSDT      | 0.0009602                 | 67.08         | 0.01419          | 0.01297         | 0.02502           | 0.9119                       | 0.004291        | 699.96 | -56012.5009602254   |
| BAKEUSDT     | 0.0009442                 | 85.02         | 0.01373          | 0.01268         | 0.1757            | 0.8231                       | 0.006264        | 681.67 | -56012.50094421051  |
| ENJUSDT      | 0.0009261                 | 94.22         | 0.01463          | 0.01861         | 0.1895            | 0.7576                       | 0.009713        | 699.96 | -56012.5009260557   |
| BALUSDT      | 0.0009258                 | 69.23         | 0.01096          | 0.01513         | 0.2816            | 0.8748                       | 0.008267        | 699.96 | -56012.500925771295 |
| CRVUSDT      | 0.0009189                 | 78.43         | 0.01524          | 0.01669         | 0.2443            | 0.8833                       | 0.009186        | 699.96 | -56012.500918874124 |
| IOTXUSDT     | 0.0009067                 | 95.38         | 0.01394          | 0.01524         | 0.221             | 0.8651                       | 0.008546        | 596.83 | -56012.50090674622  |
| LITUSDT      | 0.0009067                 | 84.55         | 0.01369          | 0.01349         | 0.1761            | 0.8871                       | 0.005825        | 699.96 | -56012.50090665041  |
| SXPUSDT      | 0.0008906                 | 95.78         | 0.01235          | 0.0121          | 0.2975            | 0.758                        | 0.00596         | 699.96 | -56012.500890550655 |
| XLMUSDT      | 0.0008844                 | 81.68         | 0.01113          | 0.02113         | 0.2507            | 0.8846                       | 0.009775        | 699.96 | -56012.5008843766   |
| XMRUSDT      | 0.000875                  | 94.82         | 0.008277         | 0.008629        | 0.2071            | 0.9157                       | 0.004563        | 699.96 | -56012.50087495847  |
| LINAUSDT     | 0.0008635                 | 81.92         | 0.0143           | 0.01349         | 0.05442           | 0.9102                       | 0.007258        | 699.96 | -56012.50086346235  |
| XEMUSDT      | 0.0008566                 | 78.62         | 0.01089          | 0.01144         | 0.1837            | 0.789                        | 0.006262        | 699.96 | -56012.50085658836  |
| BCHUSDT      | 0.0008559                 | 78.28         | 0.009047         | 0.007289        | 0.2686            | 0.9281                       | 0.003159        | 699.96 | -56012.50085589009  |
| XTZUSDT      | 0.0008537                 | 82.67         | 0.01034          | 0.01302         | 0.2557            | 0.8647                       | 0.007746        | 699.96 | -56012.50085370532  |
| LPTUSDT      | 0.0008406                 | 68.28         | 0.01991          | 0.01762         | 0.2142            | 0.8914                       | 0.006479        | 505.83 | -56012.50084058383  |
| FILUSDT      | 0.0008341                 | 90.48         | 0.0158           | 0.0161          | 0.2634            | 0.8318                       | 0.005808        | 699.96 | -56012.500834112594 |
| EGLDUSDT     | 0.000825                  | 73.48         | 0.01016          | 0.01063         | 0.2872            | 0.8915                       | 0.008183        | 699.96 | -56012.500824957504 |
| CHRUSDT      | 0.0008015                 | 80.92         | 0.01409          | 0.01829         | 0.08301           | 0.7135                       | 0.009925        | 699.96 | -56012.500801506016 |
| RUNEUSDT     | 0.0007832                 | 91.52         | 0.01441          | 0.0164          | 0.1929            | 0.8691                       | 0.009311        | 699.96 | -56012.500783249416 |
| KAVAUSDT     | 0.0007093                 | 89.27         | 0.01838          | 0.01882         | 0.2775            | 0.8278                       | 0.008132        | 699.96 | -56012.50070932944  |
| BNBUSDT      | 0.0006987                 | 73.05         | 0.004301         | 0.007167        | 0.2938            | 0.897                        | 0.003217        | 699.96 | -56012.50069869564  |
| BLZUSDT      | 0.0006957                 | 84.77         | 0.02284          | 0.02351         | 0.0               | 0.7611                       | 0.009785        | 699.96 | -56012.50069567225  |
| KNCUSDT      | 0.000673                  | 89.47         | 0.0161           | 0.01545         | 0.08051           | 0.8288                       | 0.00438         | 699.96 | -56012.500672989045 |
| BTCUSDT      | 0.000651                  | 80.13         | 0.008278         | 0.009013        | 0.2002            | 0.9408                       | 0.00559         | 699.96 | -56012.500651036986 |
| STMXUSDT     | 0.0006418                 | 89.67         | 0.01599          | 0.01747         | 0.1795            | 0.8283                       | 0.009667        | 699.96 | -56012.500641810344 |
| ZRXUSDT      | 0.0005817                 | 62.78         | 0.009486         | 0.01821         | 0.2695            | 0.8447                       | 0.009737        | 699.96 | -56012.500581747256 |
| TRBUSDT      | 0.0005413                 | 93.03         | 0.01831          | 0.01795         | 0.1926            | 0.8548                       | 0.005068        | 699.96 | -56012.50054126626  |
| FLMUSDT      | 0.0004183                 | 74.47         | 0.01685          | 0.01797         | 0.1704            | 0.8203                       | 0.00579         | 699.96 | -56012.500418307245 |
| CVCUSDT      | 0.0004045                 | 81.5          | 0.01026          | 0.012           | 0.142             | 0.8745                       | 0.007324        | 699.96 | -56012.50040448172  |
| TRXUSDT      | 0.0003255                 | 95.32         | 0.008341         | 0.006852        | 0.1666            | 0.885                        | 0.001731        | 699.96 | -56012.50032550565  |
| USDCUSDT     | 0.0002627                 | 5.75          | 0.01067          | 0.00197         | 0.0               | 0.9979                       | 0.001101        | 19.25  | -56012.500262667105 |
| SCUSDT       | 0.0002038                 | 81.85         | 0.01474          | 0.01831         | 0.0697            | 0.8646                       | 0.008368        | 699.96 | -56012.50020378464  |
| KLAYUSDT     | -0.006152                 | 27.2          | 0.004428         | 0.007164        | 0.9948            | 0.8561                       | 0.006951        | 535.83 | -49064.16933902213  |
+--------------+---------------------------+---------------+------------------+-----------------+-------------------+------------------------------+-----------------+--------+---------------------+

+----------------------------------------------------------------------------------------------------------------------------------------------------------------------------------------+
|                                                                                         short                                                                                          |
+--------------+---------------------------+---------------+------------------+-----------------+-------------------+------------------------------+-----------------+--------+----------+
| symbol       | adg_weighted_per_exposure | hrs_stuck_max | pa_distance_mean | pa_distance_std | loss_profit_ratio | eqbal_ratio_mean_of_10_worst | eqbal_ratio_std | n_days | score    |
+--------------+---------------------------+---------------+------------------+-----------------+-------------------+------------------------------+-----------------+--------+----------+
| NKNUSDT      | 0.0                       | nan           | 100.0            | 1.0             | 1.0               | nan                          | 0.0             | 699.96 | -18040.0 |
| LDOUSDT      | 0.0                       | nan           | 100.0            | 1.0             | 1.0               | nan                          | 0.0             | 190.46 | -18040.0 |
| CVCUSDT      | 0.0                       | nan           | 100.0            | 1.0             | 1.0               | nan                          | 0.0             | 699.96 | -18040.0 |
| COMPUSDT     | 0.0                       | nan           | 100.0            | 1.0             | 1.0               | nan                          | 0.0             | 699.96 | -18040.0 |
| FILUSDT      | 0.0                       | nan           | 100.0            | 1.0             | 1.0               | nan                          | 0.0             | 699.96 | -18040.0 |
| STGUSDT      | 0.0                       | nan           | 100.0            | 1.0             | 1.0               | nan                          | 0.0             | 218.46 | -18040.0 |
| SUSHIUSDT    | 0.0                       | nan           | 100.0            | 1.0             | 1.0               | nan                          | 0.0             | 699.96 | -18040.0 |
| TRBUSDT      | 0.0                       | nan           | 100.0            | 1.0             | 1.0               | nan                          | 0.0             | 699.96 | -18040.0 |
| RENUSDT      | 0.0                       | nan           | 100.0            | 1.0             | 1.0               | nan                          | 0.0             | 699.96 | -18040.0 |
| CELOUSDT     | 0.0                       | nan           | 100.0            | 1.0             | 1.0               | nan                          | 0.0             | 550.83 | -18040.0 |
| XRPUSDT      | 0.0                       | nan           | 100.0            | 1.0             | 1.0               | nan                          | 0.0             | 699.96 | -18040.0 |
| FLOWUSDT     | 0.0                       | nan           | 100.0            | 1.0             | 1.0               | nan                          | 0.0             | 414.83 | -18040.0 |
| EOSUSDT      | 0.0                       | nan           | 100.0            | 1.0             | 1.0               | nan                          | 0.0             | 699.96 | -18040.0 |
| DODOUSDT     | 0.0                       | nan           | 100.0            | 1.0             | 1.0               | nan                          | 0.0             | 391.38 | -18040.0 |
| 1INCHUSDT    | 0.0                       | nan           | 100.0            | 1.0             | 1.0               | nan                          | 0.0             | 699.96 | -18040.0 |
| ROSEUSDT     | 0.0                       | nan           | 100.0            | 1.0             | 1.0               | nan                          | 0.0             | 455.83 | -18040.0 |
| AUDIOUSDT    | 0.0                       | nan           | 100.0            | 1.0             | 1.0               | nan                          | 0.0             | 589.83 | -18040.0 |
| IMXUSDT      | 0.0                       | nan           | 100.0            | 1.0             | 1.0               | nan                          | 0.0             | 413.83 | -18040.0 |
| C98USDT      | 0.0                       | nan           | 100.0            | 1.0             | 1.0               | nan                          | 0.0             | 584.83 | -18040.0 |
| MTLUSDT      | 0.0                       | nan           | 100.0            | 1.0             | 1.0               | nan                          | 0.0             | 699.96 | -18040.0 |
| AXSUSDT      | 0.0                       | nan           | 100.0            | 1.0             | 1.0               | nan                          | 0.0             | 699.96 | -18040.0 |
| CHRUSDT      | 0.0                       | nan           | 100.0            | 1.0             | 1.0               | nan                          | 0.0             | 699.96 | -18040.0 |
| CTSIUSDT     | 0.0                       | nan           | 100.0            | 1.0             | 1.0               | nan                          | 0.0             | 521.83 | -18040.0 |
| RNDRUSDT     | 0.0                       | nan           | 100.0            | 1.0             | 1.0               | nan                          | 0.0             | 56.88  | -18040.0 |
| KSMUSDT      | 0.0                       | nan           | 100.0            | 1.0             | 1.0               | nan                          | 0.0             | 699.96 | -18040.0 |
| FXSUSDT      | 0.0                       | nan           | 100.0            | 1.0             | 1.0               | nan                          | 0.0             | 70.83  | -18040.0 |
| ATOMUSDT     | 0.0                       | nan           | 100.0            | 1.0             | 1.0               | nan                          | 0.0             | 699.96 | -18040.0 |
| 1000LUNCUSDT | 0.0                       | nan           | 100.0            | 1.0             | 1.0               | nan                          | 0.0             | 203.42 | -18040.0 |
| ZRXUSDT      | 0.0                       | nan           | 100.0            | 1.0             | 1.0               | nan                          | 0.0             | 699.96 | -18040.0 |
| TRXUSDT      | 0.0                       | nan           | 100.0            | 1.0             | 1.0               | nan                          | 0.0             | 699.96 | -18040.0 |
| USDCUSDT     | 0.0                       | nan           | 100.0            | 1.0             | 1.0               | nan                          | 0.0             | 19.25  | -18040.0 |
| BATUSDT      | 0.0                       | nan           | 100.0            | 1.0             | 1.0               | nan                          | 0.0             | 699.96 | -18040.0 |
| CELRUSDT     | 0.0                       | nan           | 100.0            | 1.0             | 1.0               | nan                          | 0.0             | 699.96 | -18040.0 |
| MINAUSDT     | 0.0                       | nan           | 100.0            | 1.0             | 1.0               | nan                          | 0.0             | 52.5   | -18040.0 |
| JASMYUSDT    | 0.0                       | nan           | 100.0            | 1.0             | 1.0               | nan                          | 0.0             | 345.83 | -18040.0 |
| REEFUSDT     | 0.0                       | nan           | 100.0            | 1.0             | 1.0               | nan                          | 0.0             | 699.96 | -18040.0 |
| ASTRUSDT     | 0.0                       | nan           | 100.0            | 1.0             | 1.0               | nan                          | 0.0             | 45.88  | -18040.0 |
| MATICUSDT    | 0.0                       | nan           | 100.0            | 1.0             | 1.0               | nan                          | 0.0             | 699.96 | -18040.0 |
| BALUSDT      | 0.0                       | nan           | 100.0            | 1.0             | 1.0               | nan                          | 0.0             | 699.96 | -18040.0 |
| INJUSDT      | 0.0                       | nan           | 100.0            | 1.0             | 1.0               | nan                          | 0.0             | 226.88 | -18040.0 |
| SKLUSDT      | 0.0                       | nan           | 100.0            | 1.0             | 1.0               | nan                          | 0.0             | 699.96 | -18040.0 |
| RUNEUSDT     | 0.0                       | nan           | 100.0            | 1.0             | 1.0               | nan                          | 0.0             | 699.96 | -18040.0 |
| CTKUSDT      | 0.0                       | nan           | 100.0            | 1.0             | 1.0               | nan                          | 0.0             | 699.96 | -18040.0 |
| NEARUSDT     | 0.0                       | nan           | 100.0            | 1.0             | 1.0               | nan                          | 0.0             | 699.96 | -18040.0 |
| SXPUSDT      | 0.0                       | nan           | 100.0            | 1.0             | 1.0               | nan                          | 0.0             | 699.96 | -18040.0 |
| IDUSDT       | 0.0                       | nan           | 100.0            | 1.0             | 1.0               | nan                          | 0.0             | 8.38   | -18040.0 |
| GMXUSDT      | 0.0                       | nan           | 100.0            | 1.0             | 1.0               | nan                          | 0.0             | 42.38  | -18040.0 |
| WAVESUSDT    | 0.0                       | nan           | 100.0            | 1.0             | 1.0               | nan                          | 0.0             | 699.96 | -18040.0 |
| OMGUSDT      | 0.0                       | nan           | 100.0            | 1.0             | 1.0               | nan                          | 0.0             | 699.96 | -18040.0 |
| HBARUSDT     | 0.0                       | nan           | 100.0            | 1.0             | 1.0               | nan                          | 0.0             | 699.96 | -18040.0 |
| MASKUSDT     | 0.0                       | nan           | 100.0            | 1.0             | 1.0               | nan                          | 0.0             | 581.83 | -18040.0 |
| TUSDT        | 0.0                       | nan           | 100.0            | 1.0             | 1.0               | nan                          | 0.0             | 58.42  | -18040.0 |
| SCUSDT       | 0.0                       | nan           | 100.0            | 1.0             | 1.0               | nan                          | 0.0             | 699.96 | -18040.0 |
| JOEUSDT      | 0.0                       | nan           | 100.0            | 1.0             | 1.0               | nan                          | 0.0             | 2.46   | -18040.0 |
| FLMUSDT      | 0.0                       | nan           | 100.0            | 1.0             | 1.0               | nan                          | 0.0             | 699.96 | -18040.0 |
| ALGOUSDT     | 0.0                       | nan           | 100.0            | 1.0             | 1.0               | nan                          | 0.0             | 699.96 | -18040.0 |
| ONTUSDT      | 0.0                       | nan           | 100.0            | 1.0             | 1.0               | nan                          | 0.0             | 699.96 | -18040.0 |
| ANKRUSDT     | 0.0                       | nan           | 100.0            | 1.0             | 1.0               | nan                          | 0.0             | 699.96 | -18040.0 |
| RSRUSDT      | 0.0                       | nan           | 100.0            | 1.0             | 1.0               | nan                          | 0.0             | 699.96 | -18040.0 |
| ZENUSDT      | 0.0                       | nan           | 100.0            | 1.0             | 1.0               | nan                          | 0.0             | 699.96 | -18040.0 |
| APEUSDT      | 0.0                       | nan           | 100.0            | 1.0             | 1.0               | nan                          | 0.0             | 379.33 | -18040.0 |
| EGLDUSDT     | 0.0                       | nan           | 100.0            | 1.0             | 1.0               | nan                          | 0.0             | 699.96 | -18040.0 |
| ETHUSDT      | 0.0                       | nan           | 100.0            | 1.0             | 1.0               | nan                          | 0.0             | 699.96 | -18040.0 |
| SNXUSDT      | 0.0                       | nan           | 100.0            | 1.0             | 1.0               | nan                          | 0.0             | 699.96 | -18040.0 |
| APTUSDT      | 0.0                       | nan           | 100.0            | 1.0             | 1.0               | nan                          | 0.0             | 163.88 | -18040.0 |
| MANAUSDT     | 0.0                       | nan           | 100.0            | 1.0             | 1.0               | nan                          | 0.0             | 699.96 | -18040.0 |
| XTZUSDT      | 0.0                       | nan           | 100.0            | 1.0             | 1.0               | nan                          | 0.0             | 699.96 | -18040.0 |
| ARBUSDT      | 0.0                       | nan           | 100.0            | 1.0             | 1.0               | nan                          | 0.0             | 8.33   | -18040.0 |
| HIGHUSDT     | 0.0                       | nan           | 100.0            | 1.0             | 1.0               | nan                          | 0.0             | 52.88  | -18040.0 |
| BCHUSDT      | 0.0                       | nan           | 100.0            | 1.0             | 1.0               | nan                          | 0.0             | 699.96 | -18040.0 |
| ICPUSDT      | 0.0                       | nan           | 100.0            | 1.0             | 1.0               | nan                          | 0.0             | 185.88 | -18040.0 |
| GRTUSDT      | 0.0                       | nan           | 100.0            | 1.0             | 1.0               | nan                          | 0.0             | 699.96 | -18040.0 |
| AKROUSDT     | 0.0                       | nan           | 100.0            | 1.0             | 1.0               | nan                          | 0.0             | 391.38 | -18040.0 |
| IOSTUSDT     | 0.0                       | nan           | 100.0            | 1.0             | 1.0               | nan                          | 0.0             | 699.96 | -18040.0 |
| ALPHAUSDT    | 0.0                       | nan           | 100.0            | 1.0             | 1.0               | nan                          | 0.0             | 699.96 | -18040.0 |
| DGBUSDT      | 0.0                       | nan           | 100.0            | 1.0             | 1.0               | nan                          | 0.0             | 699.96 | -18040.0 |
| AVAXUSDT     | 0.0                       | nan           | 100.0            | 1.0             | 1.0               | nan                          | 0.0             | 699.96 | -18040.0 |
| UNIUSDT      | 0.0                       | nan           | 100.0            | 1.0             | 1.0               | nan                          | 0.0             | 699.96 | -18040.0 |
| SFPUSDT      | 0.0                       | nan           | 100.0            | 1.0             | 1.0               | nan                          | 0.0             | 699.96 | -18040.0 |
| ADAUSDT      | 0.0                       | nan           | 100.0            | 1.0             | 1.0               | nan                          | 0.0             | 699.96 | -18040.0 |
| BELUSDT      | 0.0                       | nan           | 100.0            | 1.0             | 1.0               | nan                          | 0.0             | 699.96 | -18040.0 |
| DYDXUSDT     | 0.0                       | nan           | 100.0            | 1.0             | 1.0               | nan                          | 0.0             | 567.83 | -18040.0 |
| LQTYUSDT     | 0.0                       | nan           | 100.0            | 1.0             | 1.0               | nan                          | 0.0             | 21.46  | -18040.0 |
| FETUSDT      | 0.0                       | nan           | 100.0            | 1.0             | 1.0               | nan                          | 0.0             | 73.88  | -18040.0 |
| QTUMUSDT     | 0.0                       | nan           | 100.0            | 1.0             | 1.0               | nan                          | 0.0             | 699.96 | -18040.0 |
| XEMUSDT      | 0.0                       | nan           | 100.0            | 1.0             | 1.0               | nan                          | 0.0             | 699.96 | -18040.0 |
| ETCUSDT      | 0.0                       | nan           | 100.0            | 1.0             | 1.0               | nan                          | 0.0             | 699.96 | -18040.0 |
| SPELLUSDT    | 0.0                       | nan           | 100.0            | 1.0             | 1.0               | nan                          | 0.0             | 206.46 | -18040.0 |
| 1000XECUSDT  | 0.0                       | nan           | 100.0            | 1.0             | 1.0               | nan                          | 0.0             | 560.83 | -18040.0 |
| UNFIUSDT     | 0.0                       | nan           | 100.0            | 1.0             | 1.0               | nan                          | 0.0             | 699.96 | -18040.0 |
| CHZUSDT      | 0.0                       | nan           | 100.0            | 1.0             | 1.0               | nan                          | 0.0             | 699.96 | -18040.0 |
| ARUSDT       | 0.0                       | nan           | 100.0            | 1.0             | 1.0               | nan                          | 0.0             | 549.83 | -18040.0 |
| LINAUSDT     | 0.0                       | nan           | 100.0            | 1.0             | 1.0               | nan                          | 0.0             | 699.96 | -18040.0 |
| NEOUSDT      | 0.0                       | nan           | 100.0            | 1.0             | 1.0               | nan                          | 0.0             | 699.96 | -18040.0 |
| SOLUSDT      | 0.0                       | nan           | 100.0            | 1.0             | 1.0               | nan                          | 0.0             | 699.96 | -18040.0 |
| WOOUSDT      | 0.0                       | nan           | 100.0            | 1.0             | 1.0               | nan                          | 0.0             | 357.83 | -18040.0 |
| CKBUSDT      | 0.0                       | nan           | 100.0            | 1.0             | 1.0               | nan                          | 0.0             | 31.46  | -18040.0 |
| DENTUSDT     | 0.0                       | nan           | 100.0            | 1.0             | 1.0               | nan                          | 0.0             | 699.96 | -18040.0 |
| BNXUSDT      | 0.0                       | nan           | 100.0            | 1.0             | 1.0               | nan                          | 0.0             | 37.38  | -18040.0 |
| CVXUSDT      | 0.0                       | nan           | 100.0            | 1.0             | 1.0               | nan                          | 0.0             | 190.46 | -18040.0 |
| RVNUSDT      | 0.0                       | nan           | 100.0            | 1.0             | 1.0               | nan                          | 0.0             | 699.96 | -18040.0 |
| HOTUSDT      | 0.0                       | nan           | 100.0            | 1.0             | 1.0               | nan                          | 0.0             | 699.96 | -18040.0 |
| FTMUSDT      | 0.0                       | nan           | 100.0            | 1.0             | 1.0               | nan                          | 0.0             | 699.96 | -18040.0 |
| BAKEUSDT     | 0.0                       | nan           | 100.0            | 1.0             | 1.0               | nan                          | 0.0             | 681.67 | -18040.0 |
| HOOKUSDT     | 0.0                       | nan           | 100.0            | 1.0             | 1.0               | nan                          | 0.0             | 67.83  | -18040.0 |
| ACHUSDT      | 0.0                       | nan           | 100.0            | 1.0             | 1.0               | nan                          | 0.0             | 37.38  | -18040.0 |
| ENSUSDT      | 0.0                       | nan           | 100.0            | 1.0             | 1.0               | nan                          | 0.0             | 486.83 | -18040.0 |
| AGIXUSDT     | 0.0                       | nan           | 100.0            | 1.0             | 1.0               | nan                          | 0.0             | 43.38  | -18040.0 |
| BNBUSDT      | 0.0                       | nan           | 100.0            | 1.0             | 1.0               | nan                          | 0.0             | 699.96 | -18040.0 |
| COTIUSDT     | 0.0                       | nan           | 100.0            | 1.0             | 1.0               | nan                          | 0.0             | 699.96 | -18040.0 |
| API3USDT     | 0.0                       | nan           | 100.0            | 1.0             | 1.0               | nan                          | 0.0             | 402.83 | -18040.0 |
| ICXUSDT      | 0.0                       | nan           | 100.0            | 1.0             | 1.0               | nan                          | 0.0             | 699.96 | -18040.0 |
| BTCUSDT      | 0.0                       | nan           | 100.0            | 1.0             | 1.0               | nan                          | 0.0             | 699.96 | -18040.0 |
| COCOSUSDT    | 0.0                       | nan           | 100.0            | 1.0             | 1.0               | nan                          | 0.0             | 38.38  | -18040.0 |
| TRUUSDT      | 0.0                       | nan           | 100.0            | 1.0             | 1.0               | nan                          | 0.0             | 24.46  | -18040.0 |
| KNCUSDT      | 0.0                       | nan           | 100.0            | 1.0             | 1.0               | nan                          | 0.0             | 699.96 | -18040.0 |
| IOTAUSDT     | 0.0                       | nan           | 100.0            | 1.0             | 1.0               | nan                          | 0.0             | 699.96 | -18040.0 |
| TOMOUSDT     | 0.0                       | nan           | 100.0            | 1.0             | 1.0               | nan                          | 0.0             | 699.96 | -18040.0 |
| STXUSDT      | 0.0                       | nan           | 100.0            | 1.0             | 1.0               | nan                          | 0.0             | 38.38  | -18040.0 |
| ANTUSDT      | 0.0                       | nan           | 100.0            | 1.0             | 1.0               | nan                          | 0.0             | 459.79 | -18040.0 |
| KAVAUSDT     | 0.0                       | nan           | 100.0            | 1.0             | 1.0               | nan                          | 0.0             | 699.96 | -18040.0 |
| HNTUSDT      | 0.0                       | nan           | 100.0            | 1.0             | 1.0               | nan                          | 0.0             | 699.96 | -18040.0 |
| KLAYUSDT     | 0.0                       | nan           | 100.0            | 1.0             | 1.0               | nan                          | 0.0             | 535.83 | -18040.0 |
| YFIUSDT      | 0.0                       | nan           | 100.0            | 1.0             | 1.0               | nan                          | 0.0             | 699.96 | -18040.0 |
| BANDUSDT     | 0.0                       | nan           | 100.0            | 1.0             | 1.0               | nan                          | 0.0             | 699.96 | -18040.0 |
| ZECUSDT      | 0.0                       | nan           | 100.0            | 1.0             | 1.0               | nan                          | 0.0             | 699.96 | -18040.0 |
| LTCUSDT      | 0.0                       | nan           | 100.0            | 1.0             | 1.0               | nan                          | 0.0             | 699.96 | -18040.0 |
| SSVUSDT      | 0.0                       | nan           | 100.0            | 1.0             | 1.0               | nan                          | 0.0             | 35.46  | -18040.0 |
| LINKUSDT     | 0.0                       | nan           | 100.0            | 1.0             | 1.0               | nan                          | 0.0             | 699.96 | -18040.0 |
| STMXUSDT     | 0.0                       | nan           | 100.0            | 1.0             | 1.0               | nan                          | 0.0             | 699.96 | -18040.0 |
| MKRUSDT      | 0.0                       | nan           | 100.0            | 1.0             | 1.0               | nan                          | 0.0             | 699.96 | -18040.0 |
| XLMUSDT      | 0.0                       | nan           | 100.0            | 1.0             | 1.0               | nan                          | 0.0             | 699.96 | -18040.0 |
| OCEANUSDT    | 0.0                       | nan           | 100.0            | 1.0             | 1.0               | nan                          | 0.0             | 699.96 | -18040.0 |
| ENJUSDT      | 0.0                       | nan           | 100.0            | 1.0             | 1.0               | nan                          | 0.0             | 699.96 | -18040.0 |
| MAGICUSDT    | 0.0                       | nan           | 100.0            | 1.0             | 1.0               | nan                          | 0.0             | 65.83  | -18040.0 |
| PEOPLEUSDT   | 0.0                       | nan           | 100.0            | 1.0             | 1.0               | nan                          | 0.0             | 462.79 | -18040.0 |
| DASHUSDT     | 0.0                       | nan           | 100.0            | 1.0             | 1.0               | nan                          | 0.0             | 699.96 | -18040.0 |
| IOTXUSDT     | 0.0                       | nan           | 100.0            | 1.0             | 1.0               | nan                          | 0.0             | 596.83 | -18040.0 |
| OGNUSDT      | 0.0                       | nan           | 100.0            | 1.0             | 1.0               | nan                          | 0.0             | 699.96 | -18040.0 |
| STORJUSDT    | 0.0                       | nan           | 100.0            | 1.0             | 1.0               | nan                          | 0.0             | 699.96 | -18040.0 |
| THETAUSDT    | 0.0                       | nan           | 100.0            | 1.0             | 1.0               | nan                          | 0.0             | 699.96 | -18040.0 |
| DOTUSDT      | 0.0                       | nan           | 100.0            | 1.0             | 1.0               | nan                          | 0.0             | 699.96 | -18040.0 |
| ALICEUSDT    | 0.0                       | nan           | 100.0            | 1.0             | 1.0               | nan                          | 0.0             | 699.96 | -18040.0 |
| LPTUSDT      | 0.0                       | nan           | 100.0            | 1.0             | 1.0               | nan                          | 0.0             | 505.83 | -18040.0 |
| DARUSDT      | 0.0                       | nan           | 100.0            | 1.0             | 1.0               | nan                          | 0.0             | 336.83 | -18040.0 |
| GALUSDT      | 0.0                       | nan           | 100.0            | 1.0             | 1.0               | nan                          | 0.0             | 330.38 | -18040.0 |
| GMTUSDT      | 0.0                       | nan           | 100.0            | 1.0             | 1.0               | nan                          | 0.0             | 381.79 | -18040.0 |
| DUSKUSDT     | 0.0                       | nan           | 100.0            | 1.0             | 1.0               | nan                          | 0.0             | 448.83 | -18040.0 |
| DOGEUSDT     | 0.0                       | nan           | 100.0            | 1.0             | 1.0               | nan                          | 0.0             | 699.96 | -18040.0 |
| ONEUSDT      | 0.0                       | nan           | 100.0            | 1.0             | 1.0               | nan                          | 0.0             | 699.96 | -18040.0 |
| CFXUSDT      | 0.0                       | nan           | 100.0            | 1.0             | 1.0               | nan                          | 0.0             | 39.38  | -18040.0 |
| LRCUSDT      | 0.0                       | nan           | 100.0            | 1.0             | 1.0               | nan                          | 0.0             | 699.96 | -18040.0 |
| GTCUSDT      | 0.0                       | nan           | 100.0            | 1.0             | 1.0               | nan                          | 0.0             | 658.83 | -18040.0 |
| GALAUSDT     | 0.0                       | nan           | 100.0            | 1.0             | 1.0               | nan                          | 0.0             | 559.83 | -18040.0 |
| CRVUSDT      | 0.0                       | nan           | 100.0            | 1.0             | 1.0               | nan                          | 0.0             | 699.96 | -18040.0 |
| LITUSDT      | 0.0                       | nan           | 100.0            | 1.0             | 1.0               | nan                          | 0.0             | 699.96 | -18040.0 |
| BLZUSDT      | 0.0                       | nan           | 100.0            | 1.0             | 1.0               | nan                          | 0.0             | 699.96 | -18040.0 |
| LUNA2USDT    | 0.0                       | nan           | 100.0            | 1.0             | 1.0               | nan                          | 0.0             | 202.83 | -18040.0 |
| AAVEUSDT     | 0.0                       | nan           | 100.0            | 1.0             | 1.0               | nan                          | 0.0             | 699.96 | -18040.0 |
| VETUSDT      | 0.0                       | nan           | 100.0            | 1.0             | 1.0               | nan                          | 0.0             | 699.96 | -18040.0 |
| OPUSDT       | 0.0                       | nan           | 100.0            | 1.0             | 1.0               | nan                          | 0.0             | 303.38 | -18040.0 |
| SANDUSDT     | 0.0                       | nan           | 100.0            | 1.0             | 1.0               | nan                          | 0.0             | 699.96 | -18040.0 |
| ZILUSDT      | 0.0                       | nan           | 100.0            | 1.0             | 1.0               | nan                          | 0.0             | 699.96 | -18040.0 |
| RLCUSDT      | 0.0                       | nan           | 100.0            | 1.0             | 1.0               | nan                          | 0.0             | 699.96 | -18040.0 |
| TLMUSDT      | 0.0                       | nan           | 100.0            | 1.0             | 1.0               | nan                          | 0.0             | 1.46   | -18040.0 |
| XMRUSDT      | 0.0                       | nan           | 100.0            | 1.0             | 1.0               | nan                          | 0.0             | 699.96 | -18040.0 |
| ARPAUSDT     | 0.0                       | nan           | 100.0            | 1.0             | 1.0               | nan                          | 0.0             | 528.83 | -18040.0 |
+--------------+---------------------------+---------------+------------------+-----------------+-------------------+------------------------------+-----------------+--------+----------+

