+-----------------------------------------------------------------------------------------------------------------------------------------------------------------------------------------+
|                                                                                           long                                                                                          |
+-----------+---------------+-------------+--------------+---------------+--------------+-------------+----------------+------------------------+--------------+---------+----------------+
| symbol    | adg_w_per_exp | adg_per_exp | exp_rts_mean | hrs_stuck_max | pa_dist_mean | pa_dist_std | loss_profit_rt | eqbal_rt_10_worst_mean | eqbal_rt_std | n_days  | score          |
+-----------+---------------+-------------+--------------+---------------+--------------+-------------+----------------+------------------------+--------------+---------+----------------+
| DOGEUSDT  | 0.002277      | 0.004338    | 0.07981      | 83.82         | 0.008057     | 0.01831     | 0.1249         | 0.9548                 | 0.002476     | 1055.58 | -425179.002277 |
| MANAUSDT  | 0.001955      | 0.003267    | 0.0838       | 77.32         | 0.01119      | 0.01979     | 0.1128         | 0.9567                 | 0.002546     | 807.67  | -425179.001955 |
| CHZUSDT   | 0.001845      | 0.003002    | 0.05859      | 68.6          | 0.01026      | 0.01977     | 0.1133         | 0.9435                 | 0.002511     | 860.67  | -425179.001845 |
| COTIUSDT  | 0.00182       | 0.00286     | 0.09586      | 70.57         | 0.0135       | 0.01999     | 0.1475         | 0.9498                 | 0.002678     | 812.67  | -425179.00182  |
| HBARUSDT  | 0.001775      | 0.003084    | 0.09833      | 87.1          | 0.01114      | 0.01704     | 0.0863         | 0.9566                 | 0.002571     | 805.67  | -425179.001775 |
| MATICUSDT | 0.001662      | 0.004867    | 0.08004      | 79.82         | 0.009405     | 0.01642     | 0.1347         | 0.9604                 | 0.002326     | 951.67  | -425179.001662 |
| SANDUSDT  | 0.001623      | 0.002852    | 0.05906      | 83.5          | 0.012        | 0.01897     | 0.101          | 0.9507                 | 0.002385     | 856.67  | -425179.001623 |
| ATOMUSDT  | 0.001622      | 0.00283     | 0.08962      | 72.23         | 0.01009      | 0.01994     | 0.1338         | 0.9262                 | 0.0026       | 1209.46 | -425179.001622 |
| THETAUSDT | 0.001468      | 0.002454    | 0.09251      | 82.25         | 0.01377      | 0.01868     | 0.1487         | 0.9458                 | 0.003103     | 1099.62 | -425179.001468 |
| GRTUSDT   | 0.001388      | 0.002165    | 0.09949      | 81.7          | 0.01578      | 0.0197      | 0.1496         | 0.946                  | 0.00282      | 893.67  | -425179.001388 |
| ANKRUSDT  | 0.00138       | 0.002329    | 0.05927      | 65.13         | 0.01156      | 0.01786     | 0.09528        | 0.9632                 | 0.0021       | 855.67  | -425179.00138  |
| SNXUSDT   | 0.001375      | 0.002013    | 0.08185      | 79.4          | 0.01706      | 0.01998     | 0.1109         | 0.9567                 | 0.002612     | 1020.67 | -425179.001375 |
| CELRUSDT  | 0.001328      | 0.002208    | 0.07736      | 82.63         | 0.0153       | 0.01513     | 0.03007        | 0.9586                 | 0.001887     | 793.67  | -425179.001328 |
| SUSHIUSDT | 0.001323      | 0.003266    | 0.07124      | 55.07         | 0.01235      | 0.01866     | 0.1121         | 0.9465                 | 0.002278     | 999.67  | -425179.001323 |
| LINKUSDT  | 0.001264      | 0.00257     | 0.09577      | 95.65         | 0.01353      | 0.01544     | 0.09556        | 0.9522                 | 0.002424     | 1230.62 | -425179.001264 |
| DOTUSDT   | 0.001181      | 0.002536    | 0.09872      | 87.75         | 0.01273      | 0.01939     | 0.1146         | 0.9545                 | 0.002791     | 1012.67 | -425179.001181 |
| ZILUSDT   | 0.001117      | 0.001804    | 0.05731      | 80.88         | 0.01132      | 0.01653     | 0.1055         | 0.9558                 | 0.001987     | 1077.58 | -425179.001117 |
| RSRUSDT   | 0.001058      | 0.001324    | 0.03537      | 81.17         | 0.016        | 0.0138      | 0.1442         | 0.9652                 | 0.001351     | 954.67  | -425179.001058 |
| SXPUSDT   | 0.001057      | 0.00325     | 0.0394       | 92.78         | 0.01312      | 0.01463     | 0.138          | 0.9623                 | 0.001696     | 1044.58 | -425179.001057 |
| ENJUSDT   | 0.001044      | 0.001888    | 0.05453      | 91.0          | 0.0151       | 0.01898     | 0.1449         | 0.9512                 | 0.002209     | 974.67  | -425179.001044 |
| ADAUSDT   | 0.001039      | 0.002315    | 0.08959      | 75.75         | 0.01066      | 0.01825     | 0.1352         | 0.9282                 | 0.002863     | 1216.62 | -425179.001039 |
| SKLUSDT   | 0.001018      | 0.001785    | 0.07864      | 93.47         | 0.01655      | 0.01844     | 0.1068         | 0.9554                 | 0.002643     | 904.67  | -425179.001018 |
| FTMUSDT   | 0.0009986     | 0.002046    | 0.05759      | 83.0          | 0.01652      | 0.01932     | 0.06075        | 0.9519                 | 0.002248     | 979.67  | -425179.000999 |
| UNIUSDT   | 0.0009035     | 0.002119    | 0.08065      | 91.48         | 0.01816      | 0.01925     | 0.1273         | 0.9575                 | 0.002071     | 985.67  | -425179.000904 |
| VETUSDT   | 0.0007611     | 0.001911    | 0.03566      | 76.33         | 0.01274      | 0.01758     | 0.04319        | 0.9377                 | 0.001654     | 1202.62 | -425179.000761 |
| CHRUSDT   | 0.0007459     | 0.001727    | 0.06963      | 84.8          | 0.01649      | 0.01646     | 0.1423         | 0.9624                 | 0.001971     | 810.67  | -425179.000746 |
| XTZUSDT   | 0.000737      | 0.0015      | 0.04611      | 82.92         | 0.01269      | 0.01982     | 0.1191         | 0.9373                 | 0.002165     | 1210.62 | -425179.000737 |
| ONEUSDT   | 0.0007262     | 0.001438    | 0.05392      | 91.75         | 0.01496      | 0.01585     | 0.09421        | 0.9619                 | 0.001802     | 804.67  | -425179.000726 |
| AAVEUSDT  | 0.0002974     | 0.001228    | 0.1          | 177.4         | 0.03425      | 0.03274     | 0.1175         | 0.9584                 | 0.003497     | 957.67  | -416897.357658 |
+-----------+---------------+-------------+--------------+---------------+--------------+-------------+----------------+------------------------+--------------+---------+----------------+

+-----------------------------------------------------------------------------------------------------------------------------------------------------------------------------------+
|                                                                                       short                                                                                       |
+-----------+---------------+-------------+--------------+---------------+--------------+-------------+----------------+------------------------+--------------+---------+----------+
| symbol    | adg_w_per_exp | adg_per_exp | exp_rts_mean | hrs_stuck_max | pa_dist_mean | pa_dist_std | loss_profit_rt | eqbal_rt_10_worst_mean | eqbal_rt_std | n_days  | score    |
+-----------+---------------+-------------+--------------+---------------+--------------+-------------+----------------+------------------------+--------------+---------+----------+
| SUSHIUSDT | 0.0           | 0.0         | 0.0          | nan           | 100.0        | 1.0         | 1.0            | 1.0                    | 0.0          | 999.67  | -30399.0 |
| CHRUSDT   | 0.0           | 0.0         | 0.0          | nan           | 100.0        | 1.0         | 1.0            | 1.0                    | 0.0          | 810.67  | -30399.0 |
| ATOMUSDT  | 0.0           | 0.0         | 0.0          | nan           | 100.0        | 1.0         | 1.0            | 1.0                    | 0.0          | 1209.46 | -30399.0 |
| CELRUSDT  | 0.0           | 0.0         | 0.0          | nan           | 100.0        | 1.0         | 1.0            | 1.0                    | 0.0          | 793.67  | -30399.0 |
| MATICUSDT | 0.0           | 0.0         | 0.0          | nan           | 100.0        | 1.0         | 1.0            | 1.0                    | 0.0          | 951.67  | -30399.0 |
| SKLUSDT   | 0.0           | 0.0         | 0.0          | nan           | 100.0        | 1.0         | 1.0            | 1.0                    | 0.0          | 904.67  | -30399.0 |
| SXPUSDT   | 0.0           | 0.0         | 0.0          | nan           | 100.0        | 1.0         | 1.0            | 1.0                    | 0.0          | 1044.58 | -30399.0 |
| HBARUSDT  | 0.0           | 0.0         | 0.0          | nan           | 100.0        | 1.0         | 1.0            | 1.0                    | 0.0          | 805.67  | -30399.0 |
| ANKRUSDT  | 0.0           | 0.0         | 0.0          | nan           | 100.0        | 1.0         | 1.0            | 1.0                    | 0.0          | 855.67  | -30399.0 |
| RSRUSDT   | 0.0           | 0.0         | 0.0          | nan           | 100.0        | 1.0         | 1.0            | 1.0                    | 0.0          | 954.67  | -30399.0 |
| SNXUSDT   | 0.0           | 0.0         | 0.0          | nan           | 100.0        | 1.0         | 1.0            | 1.0                    | 0.0          | 1020.67 | -30399.0 |
| MANAUSDT  | 0.0           | 0.0         | 0.0          | nan           | 100.0        | 1.0         | 1.0            | 1.0                    | 0.0          | 807.67  | -30399.0 |
| XTZUSDT   | 0.0           | 0.0         | 0.0          | nan           | 100.0        | 1.0         | 1.0            | 1.0                    | 0.0          | 1210.62 | -30399.0 |
| GRTUSDT   | 0.0           | 0.0         | 0.0          | nan           | 100.0        | 1.0         | 1.0            | 1.0                    | 0.0          | 893.67  | -30399.0 |
| UNIUSDT   | 0.0           | 0.0         | 0.0          | nan           | 100.0        | 1.0         | 1.0            | 1.0                    | 0.0          | 985.67  | -30399.0 |
| ADAUSDT   | 0.0           | 0.0         | 0.0          | nan           | 100.0        | 1.0         | 1.0            | 1.0                    | 0.0          | 1216.62 | -30399.0 |
| CHZUSDT   | 0.0           | 0.0         | 0.0          | nan           | 100.0        | 1.0         | 1.0            | 1.0                    | 0.0          | 860.67  | -30399.0 |
| FTMUSDT   | 0.0           | 0.0         | 0.0          | nan           | 100.0        | 1.0         | 1.0            | 1.0                    | 0.0          | 979.67  | -30399.0 |
| COTIUSDT  | 0.0           | 0.0         | 0.0          | nan           | 100.0        | 1.0         | 1.0            | 1.0                    | 0.0          | 812.67  | -30399.0 |
| LINKUSDT  | 0.0           | 0.0         | 0.0          | nan           | 100.0        | 1.0         | 1.0            | 1.0                    | 0.0          | 1230.62 | -30399.0 |
| ENJUSDT   | 0.0           | 0.0         | 0.0          | nan           | 100.0        | 1.0         | 1.0            | 1.0                    | 0.0          | 974.67  | -30399.0 |
| THETAUSDT | 0.0           | 0.0         | 0.0          | nan           | 100.0        | 1.0         | 1.0            | 1.0                    | 0.0          | 1099.62 | -30399.0 |
| DOTUSDT   | 0.0           | 0.0         | 0.0          | nan           | 100.0        | 1.0         | 1.0            | 1.0                    | 0.0          | 1012.67 | -30399.0 |
| DOGEUSDT  | 0.0           | 0.0         | 0.0          | nan           | 100.0        | 1.0         | 1.0            | 1.0                    | 0.0          | 1055.58 | -30399.0 |
| ONEUSDT   | 0.0           | 0.0         | 0.0          | nan           | 100.0        | 1.0         | 1.0            | 1.0                    | 0.0          | 804.67  | -30399.0 |
| AAVEUSDT  | 0.0           | 0.0         | 0.0          | nan           | 100.0        | 1.0         | 1.0            | 1.0                    | 0.0          | 957.67  | -30399.0 |
| VETUSDT   | 0.0           | 0.0         | 0.0          | nan           | 100.0        | 1.0         | 1.0            | 1.0                    | 0.0          | 1202.62 | -30399.0 |
| SANDUSDT  | 0.0           | 0.0         | 0.0          | nan           | 100.0        | 1.0         | 1.0            | 1.0                    | 0.0          | 856.67  | -30399.0 |
| ZILUSDT   | 0.0           | 0.0         | 0.0          | nan           | 100.0        | 1.0         | 1.0            | 1.0                    | 0.0          | 1077.58 | -30399.0 |
+-----------+---------------+-------------+--------------+---------------+--------------+-------------+----------------+------------------------+--------------+---------+----------+

