+---------------------------------------------------------------------------------------------------------------------------------------------------------------------------------------------------+
|                                                                                                long                                                                                               |
+--------------+---------------------------+---------------+------------------+-----------------+-------------------+------------------------------+-----------------+--------+---------------------+
| symbol       | adg_weighted_per_exposure | hrs_stuck_max | pa_distance_mean | pa_distance_std | loss_profit_ratio | eqbal_ratio_mean_of_10_worst | eqbal_ratio_std | n_days | score               |
+--------------+---------------------------+---------------+------------------+-----------------+-------------------+------------------------------+-----------------+--------+---------------------+
| 1000SHIBUSDT | 0.0009281                 | 77.02         | 0.006142         | 0.02289         | 0.01601           | 0.7446                       | 0.008559        | 711.25 | -56012.500928137655 |
| OCEANUSDT    | 0.0008499                 | 48.33         | 0.009929         | 0.01042         | 0.1288            | 0.8652                       | 0.004693        | 720.96 | -56012.50084994528  |
| SOLUSDT      | 0.0007689                 | 77.35         | 0.01133          | 0.01114         | 0.07481           | 0.8936                       | 0.005089        | 720.96 | -56012.50076894871  |
| WAVESUSDT    | 0.0007617                 | 63.48         | 0.009769         | 0.01081         | 0.1089            | 0.8427                       | 0.005311        | 720.96 | -56012.50076167031  |
| EOSUSDT      | 0.00074                   | 82.63         | 0.00836          | 0.008198        | 0.1139            | 0.9105                       | 0.003149        | 720.96 | -56012.50074004743  |
| CELRUSDT     | 0.0007355                 | 81.6          | 0.01023          | 0.01251         | 0.07644           | 0.8297                       | 0.006257        | 720.96 | -56012.500735452864 |
| RSRUSDT      | 0.0007128                 | 49.95         | 0.01094          | 0.01899         | 0.2538            | 0.7302                       | 0.009338        | 720.96 | -56012.500712818306 |
| DEFIUSDT     | 0.0006959                 | 81.62         | 0.009601         | 0.009866        | 0.2665            | 0.8863                       | 0.004633        | 720.96 | -56012.5006958969   |
| BANDUSDT     | 0.0006891                 | 48.45         | 0.01026          | 0.01301         | 0.2422            | 0.8222                       | 0.006577        | 720.96 | -56012.50068914489  |
| MKRUSDT      | 0.0006803                 | 66.2          | 0.009986         | 0.009766        | 0.04188           | 0.8674                       | 0.00388         | 720.96 | -56012.50068029114  |
| GRTUSDT      | 0.0006783                 | 51.4          | 0.0104           | 0.01764         | 0.1479            | 0.7495                       | 0.008917        | 720.96 | -56012.500678302895 |
| THETAUSDT    | 0.0006287                 | 57.88         | 0.01018          | 0.01216         | 0.2508            | 0.86                         | 0.006556        | 720.96 | -56012.500628684356 |
| YFIUSDT      | 0.0006207                 | 90.42         | 0.009451         | 0.01002         | 0.07724           | 0.8739                       | 0.004295        | 720.96 | -56012.50062070406  |
| COTIUSDT     | 0.0006172                 | 48.8          | 0.009904         | 0.01205         | 0.1489            | 0.829                        | 0.005976        | 720.96 | -56012.50061717017  |
| SUSHIUSDT    | 0.000608                  | 50.32         | 0.009796         | 0.01211         | 0.0488            | 0.8085                       | 0.005607        | 720.96 | -56012.50060801061  |
| CHZUSDT      | 0.0006062                 | 60.27         | 0.008426         | 0.01101         | 0.0               | 0.9225                       | 0.003534        | 720.96 | -56012.50060624047  |
| SKLUSDT      | 0.0006045                 | 72.13         | 0.01073          | 0.01262         | 0.2511            | 0.8529                       | 0.00633         | 720.96 | -56012.50060446319  |
| ALPHAUSDT    | 0.0005931                 | 51.08         | 0.00962          | 0.008473        | 0.07063           | 0.9378                       | 0.00282         | 720.96 | -56012.50059313956  |
| NKNUSDT      | 0.0005788                 | 59.35         | 0.009937         | 0.01126         | 0.2234            | 0.8654                       | 0.005515        | 720.96 | -56012.500578759194 |
| REEFUSDT     | 0.0005774                 | 46.78         | 0.009056         | 0.00936         | 0.0921            | 0.8899                       | 0.004047        | 720.96 | -56012.5005773944   |
| SNXUSDT      | 0.0005769                 | 50.75         | 0.01079          | 0.01081         | 0.2606            | 0.8818                       | 0.005347        | 720.96 | -56012.50057689405  |
| ZILUSDT      | 0.0005671                 | 53.48         | 0.009168         | 0.008311        | 0.08917           | 0.926                        | 0.003048        | 720.96 | -56012.50056708243  |
| LRCUSDT      | 0.0005643                 | 73.7          | 0.01037          | 0.01631         | 0.1875            | 0.7482                       | 0.008052        | 720.96 | -56012.50056434686  |
| MANAUSDT     | 0.0005587                 | 51.92         | 0.008966         | 0.009114        | 0.06163           | 0.8998                       | 0.003401        | 720.96 | -56012.50055865881  |
| ONEUSDT      | 0.0005581                 | 59.93         | 0.01029          | 0.01133         | 0.2615            | 0.851                        | 0.005757        | 720.96 | -56012.50055809064  |
| MATICUSDT    | 0.00055                   | 74.3          | 0.009854         | 0.008971        | 0.09774           | 0.9074                       | 0.003846        | 720.96 | -56012.50055004764  |
| DOGEUSDT     | 0.0005445                 | 67.9          | 0.00763          | 0.006918        | 0.0003799         | 0.9522                       | 0.001825        | 720.96 | -56012.5005445196   |
| AVAXUSDT     | 0.0005314                 | 93.8          | 0.01153          | 0.01544         | 0.1626            | 0.7776                       | 0.00844         | 720.96 | -56012.50053136064  |
| RVNUSDT      | 0.0005037                 | 77.17         | 0.009827         | 0.01497         | 0.2957            | 0.7836                       | 0.007441        | 720.96 | -56012.5005037496   |
| HOTUSDT      | 0.0005021                 | 77.23         | 0.008433         | 0.007467        | 0.01841           | 0.9382                       | 0.002141        | 720.96 | -56012.50050208435  |
| RUNEUSDT     | 0.0004973                 | 76.83         | 0.0104           | 0.009033        | 0.113             | 0.9069                       | 0.003734        | 720.96 | -56012.50049731709  |
| SANDUSDT     | 0.0004929                 | 67.95         | 0.009972         | 0.0138          | 0.2875            | 0.7937                       | 0.007269        | 720.96 | -56012.50049291867  |
| HBARUSDT     | 0.0004902                 | 51.23         | 0.009393         | 0.009003        | 0.01528           | 0.8773                       | 0.003602        | 720.96 | -56012.500490179766 |
| AAVEUSDT     | 0.000481                  | 68.93         | 0.01084          | 0.01449         | 0.2495            | 0.7882                       | 0.007432        | 720.96 | -56012.50048103047  |
| ZECUSDT      | 0.0004752                 | 60.03         | 0.00976          | 0.01078         | 0.1111            | 0.8423                       | 0.004975        | 720.96 | -56012.50047517149  |
| OMGUSDT      | 0.0004716                 | 52.93         | 0.009858         | 0.00958         | 0.192             | 0.8909                       | 0.004263        | 720.96 | -56012.50047162917  |
| LINKUSDT     | 0.000448                  | 59.43         | 0.009851         | 0.008976        | 0.06002           | 0.9145                       | 0.003843        | 720.96 | -56012.500448042934 |
| ATOMUSDT     | 0.000437                  | 66.78         | 0.009459         | 0.008392        | 0.0386            | 0.9266                       | 0.002627        | 720.96 | -56012.500437038514 |
| FILUSDT      | 0.0004186                 | 67.92         | 0.008799         | 0.01474         | 0.2491            | 0.7899                       | 0.007819        | 720.96 | -56012.50041856796  |
| VETUSDT      | 0.0004158                 | 92.97         | 0.009216         | 0.008801        | 0.02755           | 0.8988                       | 0.0033          | 720.96 | -56012.500415835486 |
| CTKUSDT      | 0.0004151                 | 65.72         | 0.009607         | 0.008825        | 0.0288            | 0.9095                       | 0.002904        | 720.96 | -56012.50041507043  |
| ALGOUSDT     | 0.0004115                 | 58.52         | 0.009446         | 0.007828        | 0.09626           | 0.943                        | 0.002226        | 720.96 | -56012.50041146537  |
| ONTUSDT      | 0.0003669                 | 59.02         | 0.009685         | 0.009281        | 0.09912           | 0.8891                       | 0.003581        | 720.96 | -56012.50036688708  |
| XRPUSDT      | 0.0003621                 | 58.98         | 0.00792          | 0.00661         | 0.005924          | 0.9713                       | 0.001135        | 720.96 | -56012.50036207837  |
| IOTAUSDT     | 0.0003589                 | 55.92         | 0.01009          | 0.01285         | 0.2777            | 0.801                        | 0.006287        | 720.96 | -56012.500358891804 |
| NEARUSDT     | 0.0003531                 | 71.83         | 0.009941         | 0.009298        | 0.2114            | 0.9037                       | 0.004087        | 720.96 | -56012.5003530556   |
| ETCUSDT      | 0.0003284                 | 62.7          | 0.008304         | 0.007869        | 0.1533            | 0.9289                       | 0.002873        | 720.96 | -56012.500328377646 |
| DOTUSDT      | 0.0003077                 | 73.88         | 0.009984         | 0.01136         | 0.2595            | 0.8377                       | 0.005537        | 720.96 | -56012.50030773491  |
| ADAUSDT      | 0.0003073                 | 90.38         | 0.009307         | 0.00817         | 0.1484            | 0.9179                       | 0.003126        | 720.96 | -56012.50030726145  |
| DASHUSDT     | 0.00023                   | 53.17         | 0.009625         | 0.009025        | 0.1321            | 0.9189                       | 0.003124        | 720.96 | -56012.500229952246 |
| RLCUSDT      | 0.000216                  | 50.68         | 0.01062          | 0.01302         | 0.2842            | 0.8289                       | 0.00673         | 720.96 | -56012.50021603139  |
| CHRUSDT      | 0.0001449                 | 62.25         | 0.009944         | 0.01135         | 0.2856            | 0.8657                       | 0.00574         | 720.96 | -56012.500144876874 |
| ENJUSDT      | 2.807e-05                 | 65.52         | 0.009462         | 0.009523        | 0.1595            | 0.8967                       | 0.003877        | 720.96 | -56012.50002807203  |
| DENTUSDT     | 0.0004838                 | 101.5         | 0.009732         | 0.01462         | 0.1121            | 0.775                        | 0.006796        | 720.96 | -55957.66715050921  |
| 1INCHUSDT    | 0.0004596                 | 103.7         | 0.009544         | 0.009165        | 0.1944            | 0.9001                       | 0.003712        | 720.96 | -55935.6671262867   |
| BATUSDT      | 0.0003675                 | 85.32         | 0.01048          | 0.01142         | 0.3113            | 0.8547                       | 0.005851        | 720.96 | -55899.34709864973  |
| AXSUSDT      | 0.0001044                 | 71.25         | 0.01115          | 0.01187         | 0.3239            | 0.8713                       | 0.006334        | 720.96 | -55773.416330748485 |
| TRXUSDT      | 0.0003117                 | 124.5         | 0.009065         | 0.009035        | 0.159             | 0.8954                       | 0.004246        | 720.96 | -55727.33364500772  |
| ETHUSDT      | 0.0002217                 | 109.5         | 0.009458         | 0.008077        | 0.3237            | 0.9551                       | 0.002498        | 720.96 | -55641.01288231644  |
| NEOUSDT      | 0.0004429                 | 80.48         | 0.01476          | 0.009946        | 0.3445            | 0.9486                       | 0.001816        | 720.96 | -55567.31452282326  |
| CRVUSDT      | 0.0004662                 | 53.13         | 0.01087          | 0.01265         | 0.3493            | 0.8336                       | 0.006498        | 720.96 | -55519.62070743657  |
| DGBUSDT      | 0.0004117                 | 50.38         | 0.01053          | 0.02026         | 0.3525            | 0.7519                       | 0.009496        | 720.96 | -55487.52570695223  |
| XMRUSDT      | 0.0002645                 | 151.2         | 0.009287         | 0.00835         | 0.07567           | 0.9457                       | 0.002247        | 720.96 | -55460.16693121116  |
| XLMUSDT      | 0.0003245                 | 170.3         | 0.009432         | 0.0111          | 0.0009053         | 0.892                        | 0.003997        | 720.96 | -55269.83365783589  |
| ANKRUSDT     | 0.000314                  | 172.5         | 0.01662          | 0.02549         | 0.08645           | 0.896                        | 0.007113        | 720.96 | -55246.67583725159  |
| ICXUSDT      | 0.0001608                 | 184.6         | 0.03179          | 0.02272         | 0.0               | 0.9507                       | 0.002923        | 720.96 | -55125.48740230034  |
| COMPUSDT     | 0.0004363                 | 61.93         | 0.01026          | 0.01021         | 0.3889            | 0.889                        | 0.005059        | 720.96 | -55123.2367586751   |
| STORJUSDT    | 0.0002835                 | 53.25         | 0.01061          | 0.01478         | 0.4248            | 0.8112                       | 0.008016        | 720.96 | -54764.88567823034  |
| OGNUSDT      | 0.0004839                 | 68.1          | 0.01093          | 0.01807         | 0.4561            | 0.7858                       | 0.0094          | 720.96 | -54451.595526113626 |
| XTZUSDT      | 0.0001698                 | 83.0          | 0.01071          | 0.02032         | 0.4694            | 0.7097                       | 0.009888        | 720.96 | -54318.411742581826 |
| QTUMUSDT     | 0.0003755                 | 85.63         | 0.01026          | 0.01342         | 0.4718            | 0.8088                       | 0.006745        | 720.96 | -54294.43712516666  |
| EGLDUSDT     | 0.0003884                 | 69.58         | 0.01075          | 0.013           | 0.4897            | 0.8692                       | 0.007604        | 720.96 | -54115.320106098945 |
| IOSTUSDT     | 0.0002339                 | 91.72         | 0.0105           | 0.01821         | 0.4974            | 0.7428                       | 0.009741        | 720.96 | -54038.115503248526 |
| FTMUSDT      | 0.0006944                 | 62.82         | 0.01107          | 0.02301         | 0.3239            | 0.6967                       | 0.01143         | 720.96 | -54015.662300533215 |
| TOMOUSDT     | 0.0005236                 | 60.18         | 0.01078          | 0.01396         | 0.5051            | 0.8338                       | 0.007397        | 720.96 | -53961.8778126936   |
| SXPUSDT      | 0.0005721                 | 81.47         | 0.01148          | 0.01822         | 0.4573            | 0.8143                       | 0.01053         | 720.96 | -53906.94996353131  |
| ZENUSDT      | 0.0004858                 | 82.42         | 0.0107           | 0.01711         | 0.5147            | 0.757                        | 0.008843        | 720.96 | -53865.134615304894 |
| SFPUSDT      | 0.0003124                 | 49.88         | 0.01098          | 0.01731         | 0.5199            | 0.7944                       | 0.009523        | 720.96 | -53813.209155829805 |
| BALUSDT      | 0.0003483                 | 89.97         | 0.01162          | 0.01941         | 0.5255            | 0.7414                       | 0.01013         | 720.96 | -53628.82037436621  |
| LTCUSDT      | 6.891e-05                 | 76.8          | 0.009162         | 0.0113          | 0.5678            | 0.8359                       | 0.005846        | 720.96 | -53334.00961442191  |
| XEMUSDT      | -0.0004604                | 94.45         | 0.009675         | 0.01199         | 0.5775            | 0.8057                       | 0.008387        | 720.96 | -53237.35079754509  |
| BCHUSDT      | 0.0001196                 | 376.2         | 0.01581          | 0.01645         | 0.0               | 0.9364                       | 0.002941        | 720.96 | -53210.00011955326  |
| KNCUSDT      | 0.0002867                 | 68.07         | 0.01122          | 0.01735         | 0.592             | 0.7949                       | 0.009282        | 720.96 | -53092.81220855028  |
| UNFIUSDT     | 0.0008506                 | 85.82         | 0.03261          | 0.03006         | 0.6304            | 0.8263                       | 0.009741        | 720.96 | -52702.767926952256 |
| BLZUSDT      | 0.0006876                 | 56.62         | 0.01137          | 0.01745         | 0.6375            | 0.8263                       | 0.009895        | 720.96 | -52637.19855372499  |
| LITUSDT      | 0.0006476                 | 44.17         | 0.01219          | 0.01914         | 0.5929            | 0.7996                       | 0.01091         | 720.96 | -52175.216058156824 |
| UNIUSDT      | 0.0003338                 | 66.93         | 0.01165          | 0.0206          | 0.6021            | 0.7362                       | 0.01106         | 720.96 | -51928.750195746885 |
| KAVAUSDT     | 0.0003123                 | 60.3          | 0.01151          | 0.01679         | 0.7646            | 0.8027                       | 0.009408        | 720.96 | -51366.27776161884  |
| MTLUSDT      | 0.0004122                 | 53.8          | 0.01145          | 0.01583         | 0.8238            | 0.8093                       | 0.008959        | 720.96 | -50774.100814784615 |
| BTCUSDT      | 0.000193                  | 249.2         | 0.01349          | 0.0167          | 0.6634            | 0.8138                       | 0.01101         | 720.96 | -49835.01307395518  |
| BNBUSDT      | 0.0001497                 | 105.2         | 0.009431         | 0.01614         | 0.9957            | 0.7597                       | 0.008917        | 720.96 | -48963.86168773687  |
| FLMUSDT      | -0.0006239                | 182.0         | 0.02583          | 0.02536         | 1.125             | 0.7523                       | 0.009808        | 720.96 | -46898.81566587667  |
| ALICEUSDT    | 0.0002306                 | 60.37         | 0.01124          | 0.02678         | 0.5715            | 0.6573                       | 0.01267         | 720.96 | -46356.05281349866  |
| RENUSDT      | -0.0008878                | 56.27         | 0.01272          | 0.02307         | 1.019             | 0.7424                       | 0.01286         | 720.96 | -45958.1862232532   |
| STMXUSDT     | -8.517e-05                | 87.12         | 0.01316          | 0.02198         | 1.327             | 0.7623                       | 0.01272         | 720.96 | -43021.290683822735 |
| ZRXUSDT      | -0.0001891                | 45.35         | 0.01271          | 0.02208         | 1.348             | 0.7711                       | 0.01264         | 720.96 | -42895.15223344945  |
| TRBUSDT      | -0.0005977                | 260.9         | 0.0255           | 0.02669         | 1.027             | 0.7018                       | 0.01672         | 720.96 | -40376.58866353565  |
| BELUSDT      | 0.0005325                 | 56.55         | 0.01231          | 0.02951         | 0.9723            | 0.6542                       | 0.01447         | 720.96 | -40234.14136073003  |
| LINAUSDT     | -0.001074                 | 179.7         | 0.02118          | 0.01817         | 1.189             | 0.7566                       | 0.01684         | 720.96 | -39450.55072424512  |
| KSMUSDT      | 0.0004489                 | 52.52         | 0.0141           | 0.03488         | 0.6668            | 0.6186                       | 0.01708         | 720.96 | -37111.33576420619  |
+--------------+---------------------------+---------------+------------------+-----------------+-------------------+------------------------------+-----------------+--------+---------------------+

+----------------------------------------------------------------------------------------------------------------------------------------------------------------------------------------+
|                                                                                         short                                                                                          |
+--------------+---------------------------+---------------+------------------+-----------------+-------------------+------------------------------+-----------------+--------+----------+
| symbol       | adg_weighted_per_exposure | hrs_stuck_max | pa_distance_mean | pa_distance_std | loss_profit_ratio | eqbal_ratio_mean_of_10_worst | eqbal_ratio_std | n_days | score    |
+--------------+---------------------------+---------------+------------------+-----------------+-------------------+------------------------------+-----------------+--------+----------+
| NKNUSDT      | 0.0                       | nan           | 100.0            | 1.0             | 1.0               | 1.0                          | 0.0             | 720.96 | -18040.0 |
| COMPUSDT     | 0.0                       | nan           | 100.0            | 1.0             | 1.0               | 1.0                          | 0.0             | 720.96 | -18040.0 |
| FILUSDT      | 0.0                       | nan           | 100.0            | 1.0             | 1.0               | 1.0                          | 0.0             | 720.96 | -18040.0 |
| SUSHIUSDT    | 0.0                       | nan           | 100.0            | 1.0             | 1.0               | 1.0                          | 0.0             | 720.96 | -18040.0 |
| TRBUSDT      | 0.0                       | nan           | 100.0            | 1.0             | 1.0               | 1.0                          | 0.0             | 720.96 | -18040.0 |
| RENUSDT      | 0.0                       | nan           | 100.0            | 1.0             | 1.0               | 1.0                          | 0.0             | 720.96 | -18040.0 |
| XRPUSDT      | 0.0                       | nan           | 100.0            | 1.0             | 1.0               | 1.0                          | 0.0             | 720.96 | -18040.0 |
| EOSUSDT      | 0.0                       | nan           | 100.0            | 1.0             | 1.0               | 1.0                          | 0.0             | 720.96 | -18040.0 |
| 1INCHUSDT    | 0.0                       | nan           | 100.0            | 1.0             | 1.0               | 1.0                          | 0.0             | 720.96 | -18040.0 |
| MTLUSDT      | 0.0                       | nan           | 100.0            | 1.0             | 1.0               | 1.0                          | 0.0             | 720.96 | -18040.0 |
| AXSUSDT      | 0.0                       | nan           | 100.0            | 1.0             | 1.0               | 1.0                          | 0.0             | 720.96 | -18040.0 |
| CHRUSDT      | 0.0                       | nan           | 100.0            | 1.0             | 1.0               | 1.0                          | 0.0             | 720.96 | -18040.0 |
| KSMUSDT      | 0.0                       | nan           | 100.0            | 1.0             | 1.0               | 1.0                          | 0.0             | 720.96 | -18040.0 |
| ATOMUSDT     | 0.0                       | nan           | 100.0            | 1.0             | 1.0               | 1.0                          | 0.0             | 720.96 | -18040.0 |
| ZRXUSDT      | 0.0                       | nan           | 100.0            | 1.0             | 1.0               | 1.0                          | 0.0             | 720.96 | -18040.0 |
| TRXUSDT      | 0.0                       | nan           | 100.0            | 1.0             | 1.0               | 1.0                          | 0.0             | 720.96 | -18040.0 |
| BATUSDT      | 0.0                       | nan           | 100.0            | 1.0             | 1.0               | 1.0                          | 0.0             | 720.96 | -18040.0 |
| CELRUSDT     | 0.0                       | nan           | 100.0            | 1.0             | 1.0               | 1.0                          | 0.0             | 720.96 | -18040.0 |
| REEFUSDT     | 0.0                       | nan           | 100.0            | 1.0             | 1.0               | 1.0                          | 0.0             | 720.96 | -18040.0 |
| MATICUSDT    | 0.0                       | nan           | 100.0            | 1.0             | 1.0               | 1.0                          | 0.0             | 720.96 | -18040.0 |
| BALUSDT      | 0.0                       | nan           | 100.0            | 1.0             | 1.0               | 1.0                          | 0.0             | 720.96 | -18040.0 |
| SKLUSDT      | 0.0                       | nan           | 100.0            | 1.0             | 1.0               | 1.0                          | 0.0             | 720.96 | -18040.0 |
| RUNEUSDT     | 0.0                       | nan           | 100.0            | 1.0             | 1.0               | 1.0                          | 0.0             | 720.96 | -18040.0 |
| CTKUSDT      | 0.0                       | nan           | 100.0            | 1.0             | 1.0               | 1.0                          | 0.0             | 720.96 | -18040.0 |
| NEARUSDT     | 0.0                       | nan           | 100.0            | 1.0             | 1.0               | 1.0                          | 0.0             | 720.96 | -18040.0 |
| SXPUSDT      | 0.0                       | nan           | 100.0            | 1.0             | 1.0               | 1.0                          | 0.0             | 720.96 | -18040.0 |
| WAVESUSDT    | 0.0                       | nan           | 100.0            | 1.0             | 1.0               | 1.0                          | 0.0             | 720.96 | -18040.0 |
| OMGUSDT      | 0.0                       | nan           | 100.0            | 1.0             | 1.0               | 1.0                          | 0.0             | 720.96 | -18040.0 |
| HBARUSDT     | 0.0                       | nan           | 100.0            | 1.0             | 1.0               | 1.0                          | 0.0             | 720.96 | -18040.0 |
| 1000SHIBUSDT | 0.0                       | nan           | 100.0            | 1.0             | 1.0               | 1.0                          | 0.0             | 711.25 | -18040.0 |
| FLMUSDT      | 0.0                       | nan           | 100.0            | 1.0             | 1.0               | 1.0                          | 0.0             | 720.96 | -18040.0 |
| ALGOUSDT     | 0.0                       | nan           | 100.0            | 1.0             | 1.0               | 1.0                          | 0.0             | 720.96 | -18040.0 |
| ONTUSDT      | 0.0                       | nan           | 100.0            | 1.0             | 1.0               | 1.0                          | 0.0             | 720.96 | -18040.0 |
| ANKRUSDT     | 0.0                       | nan           | 100.0            | 1.0             | 1.0               | 1.0                          | 0.0             | 720.96 | -18040.0 |
| RSRUSDT      | 0.0                       | nan           | 100.0            | 1.0             | 1.0               | 1.0                          | 0.0             | 720.96 | -18040.0 |
| ZENUSDT      | 0.0                       | nan           | 100.0            | 1.0             | 1.0               | 1.0                          | 0.0             | 720.96 | -18040.0 |
| EGLDUSDT     | 0.0                       | nan           | 100.0            | 1.0             | 1.0               | 1.0                          | 0.0             | 720.96 | -18040.0 |
| ETHUSDT      | 0.0                       | nan           | 100.0            | 1.0             | 1.0               | 1.0                          | 0.0             | 720.96 | -18040.0 |
| SNXUSDT      | 0.0                       | nan           | 100.0            | 1.0             | 1.0               | 1.0                          | 0.0             | 720.96 | -18040.0 |
| MANAUSDT     | 0.0                       | nan           | 100.0            | 1.0             | 1.0               | 1.0                          | 0.0             | 720.96 | -18040.0 |
| XTZUSDT      | 0.0                       | nan           | 100.0            | 1.0             | 1.0               | 1.0                          | 0.0             | 720.96 | -18040.0 |
| BCHUSDT      | 0.0                       | nan           | 100.0            | 1.0             | 1.0               | 1.0                          | 0.0             | 720.96 | -18040.0 |
| GRTUSDT      | 0.0                       | nan           | 100.0            | 1.0             | 1.0               | 1.0                          | 0.0             | 720.96 | -18040.0 |
| IOSTUSDT     | 0.0                       | nan           | 100.0            | 1.0             | 1.0               | 1.0                          | 0.0             | 720.96 | -18040.0 |
| ALPHAUSDT    | 0.0                       | nan           | 100.0            | 1.0             | 1.0               | 1.0                          | 0.0             | 720.96 | -18040.0 |
| DGBUSDT      | 0.0                       | nan           | 100.0            | 1.0             | 1.0               | 1.0                          | 0.0             | 720.96 | -18040.0 |
| AVAXUSDT     | 0.0                       | nan           | 100.0            | 1.0             | 1.0               | 1.0                          | 0.0             | 720.96 | -18040.0 |
| UNIUSDT      | 0.0                       | nan           | 100.0            | 1.0             | 1.0               | 1.0                          | 0.0             | 720.96 | -18040.0 |
| SFPUSDT      | 0.0                       | nan           | 100.0            | 1.0             | 1.0               | 1.0                          | 0.0             | 720.96 | -18040.0 |
| ADAUSDT      | 0.0                       | nan           | 100.0            | 1.0             | 1.0               | 1.0                          | 0.0             | 720.96 | -18040.0 |
| BELUSDT      | 0.0                       | nan           | 100.0            | 1.0             | 1.0               | 1.0                          | 0.0             | 720.96 | -18040.0 |
| QTUMUSDT     | 0.0                       | nan           | 100.0            | 1.0             | 1.0               | 1.0                          | 0.0             | 720.96 | -18040.0 |
| XEMUSDT      | 0.0                       | nan           | 100.0            | 1.0             | 1.0               | 1.0                          | 0.0             | 720.96 | -18040.0 |
| ETCUSDT      | 0.0                       | nan           | 100.0            | 1.0             | 1.0               | 1.0                          | 0.0             | 720.96 | -18040.0 |
| UNFIUSDT     | 0.0                       | nan           | 100.0            | 1.0             | 1.0               | 1.0                          | 0.0             | 720.96 | -18040.0 |
| CHZUSDT      | 0.0                       | nan           | 100.0            | 1.0             | 1.0               | 1.0                          | 0.0             | 720.96 | -18040.0 |
| LINAUSDT     | 0.0                       | nan           | 100.0            | 1.0             | 1.0               | 1.0                          | 0.0             | 720.96 | -18040.0 |
| NEOUSDT      | 0.0                       | nan           | 100.0            | 1.0             | 1.0               | 1.0                          | 0.0             | 720.96 | -18040.0 |
| SOLUSDT      | 0.0                       | nan           | 100.0            | 1.0             | 1.0               | 1.0                          | 0.0             | 720.96 | -18040.0 |
| DENTUSDT     | 0.0                       | nan           | 100.0            | 1.0             | 1.0               | 1.0                          | 0.0             | 720.96 | -18040.0 |
| RVNUSDT      | 0.0                       | nan           | 100.0            | 1.0             | 1.0               | 1.0                          | 0.0             | 720.96 | -18040.0 |
| HOTUSDT      | 0.0                       | nan           | 100.0            | 1.0             | 1.0               | 1.0                          | 0.0             | 720.96 | -18040.0 |
| FTMUSDT      | 0.0                       | nan           | 100.0            | 1.0             | 1.0               | 1.0                          | 0.0             | 720.96 | -18040.0 |
| BNBUSDT      | 0.0                       | nan           | 100.0            | 1.0             | 1.0               | 1.0                          | 0.0             | 720.96 | -18040.0 |
| COTIUSDT     | 0.0                       | nan           | 100.0            | 1.0             | 1.0               | 1.0                          | 0.0             | 720.96 | -18040.0 |
| ICXUSDT      | 0.0                       | nan           | 100.0            | 1.0             | 1.0               | 1.0                          | 0.0             | 720.96 | -18040.0 |
| BTCUSDT      | 0.0                       | nan           | 100.0            | 1.0             | 1.0               | 1.0                          | 0.0             | 720.96 | -18040.0 |
| KNCUSDT      | 0.0                       | nan           | 100.0            | 1.0             | 1.0               | 1.0                          | 0.0             | 720.96 | -18040.0 |
| IOTAUSDT     | 0.0                       | nan           | 100.0            | 1.0             | 1.0               | 1.0                          | 0.0             | 720.96 | -18040.0 |
| TOMOUSDT     | 0.0                       | nan           | 100.0            | 1.0             | 1.0               | 1.0                          | 0.0             | 720.96 | -18040.0 |
| KAVAUSDT     | 0.0                       | nan           | 100.0            | 1.0             | 1.0               | 1.0                          | 0.0             | 720.96 | -18040.0 |
| YFIUSDT      | 0.0                       | nan           | 100.0            | 1.0             | 1.0               | 1.0                          | 0.0             | 720.96 | -18040.0 |
| BANDUSDT     | 0.0                       | nan           | 100.0            | 1.0             | 1.0               | 1.0                          | 0.0             | 720.96 | -18040.0 |
| ZECUSDT      | 0.0                       | nan           | 100.0            | 1.0             | 1.0               | 1.0                          | 0.0             | 720.96 | -18040.0 |
| LTCUSDT      | 0.0                       | nan           | 100.0            | 1.0             | 1.0               | 1.0                          | 0.0             | 720.96 | -18040.0 |
| LINKUSDT     | 0.0                       | nan           | 100.0            | 1.0             | 1.0               | 1.0                          | 0.0             | 720.96 | -18040.0 |
| STMXUSDT     | 0.0                       | nan           | 100.0            | 1.0             | 1.0               | 1.0                          | 0.0             | 720.96 | -18040.0 |
| MKRUSDT      | 0.0                       | nan           | 100.0            | 1.0             | 1.0               | 1.0                          | 0.0             | 720.96 | -18040.0 |
| XLMUSDT      | 0.0                       | nan           | 100.0            | 1.0             | 1.0               | 1.0                          | 0.0             | 720.96 | -18040.0 |
| OCEANUSDT    | 0.0                       | nan           | 100.0            | 1.0             | 1.0               | 1.0                          | 0.0             | 720.96 | -18040.0 |
| DEFIUSDT     | 0.0                       | nan           | 100.0            | 1.0             | 1.0               | 1.0                          | 0.0             | 720.96 | -18040.0 |
| ENJUSDT      | 0.0                       | nan           | 100.0            | 1.0             | 1.0               | 1.0                          | 0.0             | 720.96 | -18040.0 |
| DASHUSDT     | 0.0                       | nan           | 100.0            | 1.0             | 1.0               | 1.0                          | 0.0             | 720.96 | -18040.0 |
| OGNUSDT      | 0.0                       | nan           | 100.0            | 1.0             | 1.0               | 1.0                          | 0.0             | 720.96 | -18040.0 |
| STORJUSDT    | 0.0                       | nan           | 100.0            | 1.0             | 1.0               | 1.0                          | 0.0             | 720.96 | -18040.0 |
| THETAUSDT    | 0.0                       | nan           | 100.0            | 1.0             | 1.0               | 1.0                          | 0.0             | 720.96 | -18040.0 |
| DOTUSDT      | 0.0                       | nan           | 100.0            | 1.0             | 1.0               | 1.0                          | 0.0             | 720.96 | -18040.0 |
| ALICEUSDT    | 0.0                       | nan           | 100.0            | 1.0             | 1.0               | 1.0                          | 0.0             | 720.96 | -18040.0 |
| DOGEUSDT     | 0.0                       | nan           | 100.0            | 1.0             | 1.0               | 1.0                          | 0.0             | 720.96 | -18040.0 |
| ONEUSDT      | 0.0                       | nan           | 100.0            | 1.0             | 1.0               | 1.0                          | 0.0             | 720.96 | -18040.0 |
| LRCUSDT      | 0.0                       | nan           | 100.0            | 1.0             | 1.0               | 1.0                          | 0.0             | 720.96 | -18040.0 |
| CRVUSDT      | 0.0                       | nan           | 100.0            | 1.0             | 1.0               | 1.0                          | 0.0             | 720.96 | -18040.0 |
| LITUSDT      | 0.0                       | nan           | 100.0            | 1.0             | 1.0               | 1.0                          | 0.0             | 720.96 | -18040.0 |
| BLZUSDT      | 0.0                       | nan           | 100.0            | 1.0             | 1.0               | 1.0                          | 0.0             | 720.96 | -18040.0 |
| AAVEUSDT     | 0.0                       | nan           | 100.0            | 1.0             | 1.0               | 1.0                          | 0.0             | 720.96 | -18040.0 |
| VETUSDT      | 0.0                       | nan           | 100.0            | 1.0             | 1.0               | 1.0                          | 0.0             | 720.96 | -18040.0 |
| SANDUSDT     | 0.0                       | nan           | 100.0            | 1.0             | 1.0               | 1.0                          | 0.0             | 720.96 | -18040.0 |
| ZILUSDT      | 0.0                       | nan           | 100.0            | 1.0             | 1.0               | 1.0                          | 0.0             | 410.54 | -18040.0 |
| RLCUSDT      | 0.0                       | nan           | 100.0            | 1.0             | 1.0               | 1.0                          | 0.0             | 720.96 | -18040.0 |
| XMRUSDT      | 0.0                       | nan           | 100.0            | 1.0             | 1.0               | 1.0                          | 0.0             | 720.96 | -18040.0 |
+--------------+---------------------------+---------------+------------------+-----------------+-------------------+------------------------------+-----------------+--------+----------+

