+--------------------------------------------------------------------------------------------------------------------------------------------------------------------------------------------+
|                                                                                            long                                                                                            |
+---------------+---------------+-------------+--------------+---------------+--------------+-------------+----------------+------------------------+--------------+--------+----------------+
| symbol        | adg_w_per_exp | adg_per_exp | exp_rts_mean | hrs_stuck_max | pa_dist_mean | pa_dist_std | loss_profit_rt | eqbal_rt_10_worst_mean | eqbal_rt_std | n_days | score          |
+---------------+---------------+-------------+--------------+---------------+--------------+-------------+----------------+------------------------+--------------+--------+----------------+
| MAVUSDT       | 0.0064        | 0.01336     | 0.03756      | 4.85          | 0.01206      | 0.01053     | 0.008589       | 0.9997                 | 0.0002047    | 1.5    | -480179.3064   |
| EDUUSDT       | 0.003414      | 0.002791    | 0.05453      | 36.03         | 0.01083      | 0.009027    | 0.009238       | 0.9874                 | 0.001408     | 61.5   | -480179.303414 |
| COMBOUSDT     | 0.002557      | 0.002268    | 0.06215      | 19.12         | 0.01645      | 0.01495     | 0.0233         | 0.9837                 | 0.002277     | 28.5   | -480179.302557 |
| RNDRUSDT      | 0.002272      | 0.002701    | 0.04767      | 55.1          | 0.01142      | 0.0125      | 0.03293        | 0.9449                 | 0.004706     | 147.89 | -480179.302272 |
| 1000PEPEUSDT  | 0.002119      | 0.005213    | 0.0425       | 57.78         | 0.01153      | 0.009014    | 0.005564       | 0.9803                 | 0.002037     | 56.31  | -480179.302119 |
| BLURUSDT      | 0.002118      | 0.00211     | 0.06165      | 51.05         | 0.01021      | 0.008752    | 0.01655        | 0.9853                 | 0.001552     | 63.5   | -480179.302118 |
| UMAUSDT       | 0.002094      | 0.001991    | 0.02994      | 41.67         | 0.01062      | 0.008506    | 0.03246        | 0.9943                 | 0.000756     | 51.48  | -480179.302094 |
| IDUSDT        | 0.001937      | 0.001875    | 0.06123      | 64.75         | 0.01088      | 0.007988    | 0.02848        | 0.9823                 | 0.001949     | 99.39  | -480179.301937 |
| OMGUSDT       | 0.001787      | 0.002242    | 0.06544      | 61.8          | 0.01106      | 0.01581     | 0.0564         | 0.8883                 | 0.006315     | 791.0  | -480179.301787 |
| OCEANUSDT     | 0.001769      | 0.001819    | 0.0611       | 52.67         | 0.01232      | 0.01427     | 0.008193       | 0.9131                 | 0.004432     | 791.0  | -480179.301769 |
| ICXUSDT       | 0.001761      | 0.001706    | 0.06368      | 50.22         | 0.01202      | 0.01658     | 0.06569        | 0.8783                 | 0.005544     | 791.0  | -480179.301761 |
| HIGHUSDT      | 0.001753      | 0.001866    | 0.04194      | 31.23         | 0.0123       | 0.01049     | 0.01282        | 0.9788                 | 0.001582     | 143.89 | -480179.301753 |
| 1000FLOKIUSDT | 0.00175       | 0.001351    | 0.03056      | 18.45         | 0.01064      | 0.009909    | 0.01895        | 0.9927                 | 0.0008973    | 55.31  | -480179.30175  |
| CFXUSDT       | 0.001723      | 0.001189    | 0.06136      | 64.23         | 0.01933      | 0.01731     | 0.02196        | 0.9583                 | 0.004549     | 130.39 | -480179.301723 |
| KEYUSDT       | 0.001721      | 0.001933    | 0.05031      | 27.9          | 0.01135      | 0.01224     | 0.0005407      | 0.9613                 | 0.004528     | 37.5   | -480179.301721 |
| BELUSDT       | 0.001697      | 0.001929    | 0.05968      | 57.83         | 0.01141      | 0.01426     | 0.01314        | 0.9135                 | 0.005003     | 791.0  | -480179.301697 |
| INJUSDT       | 0.001684      | 0.001877    | 0.04561      | 55.67         | 0.01067      | 0.009101    | 0.02367        | 0.9702                 | 0.002173     | 317.88 | -480179.301684 |
| GRTUSDT       | 0.001676      | 0.002229    | 0.06763      | 80.55         | 0.01272      | 0.01847     | 0.04172        | 0.8557                 | 0.007287     | 791.0  | -480179.301676 |
| FETUSDT       | 0.001642      | 0.001621    | 0.06127      | 40.98         | 0.01314      | 0.01169     | 0.008035       | 0.9669                 | 0.003215     | 164.89 | -480179.301642 |
| ICPUSDT       | 0.001591      | 0.001306    | 0.06892      | 40.6          | 0.01038      | 0.01101     | 0.02802        | 0.9565                 | 0.003906     | 276.89 | -480179.301591 |
| ATOMUSDT      | 0.001587      | 0.001832    | 0.06512      | 66.77         | 0.01128      | 0.01225     | 0.02852        | 0.923                  | 0.003317     | 791.0  | -480179.301587 |
| LRCUSDT       | 0.001574      | 0.001947    | 0.06583      | 39.12         | 0.009058     | 0.01162     | 0.00884        | 0.9312                 | 0.004566     | 791.0  | -480179.301574 |
| NKNUSDT       | 0.001554      | 0.001842    | 0.06338      | 45.43         | 0.01503      | 0.0192      | 0.05639        | 0.868                  | 0.007784     | 791.0  | -480179.301554 |
| LQTYUSDT      | 0.001544      | 0.00161     | 0.04857      | 40.65         | 0.01297      | 0.01175     | 0.01792        | 0.9729                 | 0.002035     | 112.5  | -480179.301544 |
| ANKRUSDT      | 0.001544      | 0.001943    | 0.06852      | 72.02         | 0.0101       | 0.01461     | 0.02652        | 0.8911                 | 0.006027     | 791.0  | -480179.301544 |
| DENTUSDT      | 0.001533      | 0.002135    | 0.06566      | 61.12         | 0.01262      | 0.01669     | 0.01945        | 0.8614                 | 0.005753     | 791.0  | -480179.301533 |
| IMXUSDT       | 0.001512      | 0.002198    | 0.05633      | 47.03         | 0.01009      | 0.01096     | 0.03654        | 0.9361                 | 0.004136     | 504.85 | -480179.301512 |
| VETUSDT       | 0.0015        | 0.002069    | 0.06957      | 69.08         | 0.01177      | 0.0148      | 0.0158         | 0.8968                 | 0.004991     | 791.0  | -480179.3015   |
| HOOKUSDT      | 0.001495      | 0.00162     | 0.03275      | 42.08         | 0.01127      | 0.01007     | 0.01146        | 0.9913                 | 0.0007064    | 158.87 | -480179.301495 |
| 1000LUNCUSDT  | 0.001493      | 0.001609    | 0.04998      | 56.3          | 0.006693     | 0.006527    | 0.04205        | 0.9774                 | 0.001522     | 294.46 | -480179.301493 |
| DOGEUSDT      | 0.00149       | 0.002575    | 0.06728      | 57.58         | 0.007039     | 0.01053     | 0.01311        | 0.9245                 | 0.004228     | 791.0  | -480179.30149  |
| CELRUSDT      | 0.001455      | 0.002021    | 0.06599      | 64.53         | 0.01357      | 0.01558     | 0.05666        | 0.9177                 | 0.006059     | 791.0  | -480179.301455 |
| LITUSDT       | 0.001453      | 0.001591    | 0.06293      | 42.47         | 0.01689      | 0.01585     | 0.03417        | 0.9469                 | 0.00388      | 791.0  | -480179.301453 |
| HOTUSDT       | 0.001451      | 0.002014    | 0.06951      | 48.97         | 0.01071      | 0.01394     | 0.01048        | 0.8967                 | 0.004766     | 791.0  | -480179.301451 |
| TOMOUSDT      | 0.00144       | 0.001595    | 0.06873      | 66.78         | 0.01484      | 0.01611     | 0.02349        | 0.9138                 | 0.00579      | 791.0  | -480179.30144  |
| TRBUSDT       | 0.00144       | 0.00171     | 0.06708      | 30.27         | 0.0196       | 0.01862     | 0.07156        | 0.9028                 | 0.005213     | 791.0  | -480179.30144  |
| MINAUSDT      | 0.001431      | 0.001462    | 0.06208      | 39.28         | 0.008519     | 0.01037     | 0.071          | 0.9487                 | 0.003975     | 143.54 | -480179.301431 |
| HFTUSDT       | 0.001397      | 0.001649    | 0.05162      | 40.77         | 0.0104       | 0.0083      | 0.02582        | 0.9854                 | 0.001348     | 85.5   | -480179.301397 |
| RLCUSDT       | 0.001395      | 0.002162    | 0.06818      | 50.7          | 0.01088      | 0.01731     | 0.01454        | 0.878                  | 0.00724      | 791.0  | -480179.301395 |
| RADUSDT       | 0.001369      | 0.001033    | 0.04534      | 26.42         | 0.01563      | 0.01447     | 0.01816        | 0.9891                 | 0.001704     | 51.5   | -480179.301369 |
| NEARUSDT      | 0.001364      | 0.001768    | 0.0692       | 51.93         | 0.0112       | 0.01402     | 0.008035       | 0.9061                 | 0.005377     | 791.0  | -480179.301364 |
| COTIUSDT      | 0.001362      | 0.001739    | 0.0631       | 45.32         | 0.01249      | 0.01462     | 0.04112        | 0.8827                 | 0.005328     | 791.0  | -480179.301362 |
| STMXUSDT      | 0.001354      | 0.001211    | 0.06858      | 55.27         | 0.0162       | 0.01835     | 0.03013        | 0.8976                 | 0.006718     | 791.0  | -480179.301354 |
| TUSDT         | 0.001353      | 0.001311    | 0.05352      | 44.33         | 0.007202     | 0.006753    | 0.06054        | 0.9805                 | 0.001566     | 149.46 | -480179.301353 |
| PEOPLEUSDT    | 0.001342      | 0.001914    | 0.06475      | 43.65         | 0.01355      | 0.0132      | 0.009877       | 0.9451                 | 0.003898     | 553.83 | -480179.301342 |
| STXUSDT       | 0.001323      | 0.001847    | 0.06158      | 66.05         | 0.01232      | 0.0101      | 0.06276        | 0.9693                 | 0.002542     | 129.39 | -480179.301323 |
| CHZUSDT       | 0.001318      | 0.001968    | 0.06276      | 45.7          | 0.009491     | 0.01317     | 0.005628       | 0.8957                 | 0.005299     | 791.0  | -480179.301318 |
| MTLUSDT       | 0.001317      | 0.001358    | 0.06851      | 61.3          | 0.01811      | 0.01693     | 0.02857        | 0.9135                 | 0.003989     | 791.0  | -480179.301317 |
| RVNUSDT       | 0.001307      | 0.001507    | 0.06963      | 65.68         | 0.01272      | 0.0174      | 0.01123        | 0.8832                 | 0.007006     | 791.0  | -480179.301307 |
| SUSHIUSDT     | 0.001291      | 0.001874    | 0.06904      | 47.63         | 0.01108      | 0.01712     | 0.0651         | 0.8741                 | 0.006654     | 791.0  | -480179.301291 |
| BANDUSDT      | 0.001287      | 0.001669    | 0.06689      | 51.85         | 0.01477      | 0.01843     | 0.01518        | 0.8701                 | 0.007125     | 791.0  | -480179.301287 |
| LINAUSDT      | 0.001279      | 0.001133    | 0.05727      | 56.45         | 0.01876      | 0.01622     | 0.03622        | 0.9041                 | 0.00461      | 791.0  | -480179.301279 |
| MANAUSDT      | 0.001278      | 0.001693    | 0.06385      | 76.95         | 0.01087      | 0.01279     | 0.02964        | 0.9167                 | 0.005075     | 791.0  | -480179.301278 |
| ASTRUSDT      | 0.001267      | 0.001716    | 0.04857      | 32.45         | 0.009808     | 0.008974    | 0.00489        | 0.9869                 | 0.001166     | 136.89 | -480179.301267 |
| ARBUSDT       | 0.001241      | 0.001632    | 0.04325      | 48.15         | 0.006638     | 0.006317    | 0.001352       | 0.986                  | 0.001202     | 99.37  | -480179.301241 |
| DOTUSDT       | 0.00124       | 0.001895    | 0.06821      | 93.57         | 0.009911     | 0.01346     | 0.03503        | 0.9157                 | 0.005303     | 791.0  | -480179.30124  |
| RDNTUSDT      | 0.001238      | 0.001692    | 0.06331      | 42.92         | 0.01304      | 0.0156      | 0.04102        | 0.9417                 | 0.005554     | 86.5   | -480179.301238 |
| RENUSDT       | 0.001233      | 0.001357    | 0.06666      | 52.95         | 0.01944      | 0.01989     | 0.04539        | 0.8871                 | 0.007476     | 791.0  | -480179.301233 |
| CRVUSDT       | 0.001222      | 0.001962    | 0.06812      | 50.6          | 0.01417      | 0.0198      | 0.04015        | 0.8658                 | 0.007622     | 791.0  | -480179.301222 |
| RUNEUSDT      | 0.001221      | 0.001964    | 0.06989      | 55.73         | 0.01328      | 0.01365     | 0.03478        | 0.9309                 | 0.004555     | 791.0  | -480179.301221 |
| ADAUSDT       | 0.001219      | 0.001381    | 0.06705      | 58.9          | 0.01184      | 0.01736     | 0.02474        | 0.9063                 | 0.007201     | 791.0  | -480179.301219 |
| ZECUSDT       | 0.001219      | 0.001375    | 0.069        | 79.9          | 0.01151      | 0.01117     | 0.01365        | 0.9377                 | 0.003865     | 791.0  | -480179.301219 |
| ALGOUSDT      | 0.001208      | 0.001341    | 0.05304      | 44.47         | 0.01002      | 0.01231     | 0.0182         | 0.9264                 | 0.004666     | 791.0  | -480179.301208 |
| THETAUSDT     | 0.00118       | 0.001661    | 0.05947      | 43.7          | 0.01116      | 0.0173      | 0.01053        | 0.8738                 | 0.006843     | 791.0  | -480179.30118  |
| UNFIUSDT      | 0.001178      | 0.001237    | 0.05906      | 57.17         | 0.01864      | 0.01901     | 0.01971        | 0.8927                 | 0.005273     | 791.0  | -480179.301178 |
| AMBUSDT       | 0.001166      | 0.0008385   | 0.02992      | 44.1          | 0.01246      | 0.009538    | 0.09848        | 0.9899                 | 0.0009732    | 92.5   | -480179.301166 |
| XMRUSDT       | 0.001152      | 0.001199    | 0.06981      | 43.22         | 0.009878     | 0.01018     | 0.008671       | 0.9487                 | 0.00251      | 791.0  | -480179.301152 |
| BNXUSDT       | 0.001148      | 0.00113     | 0.04594      | 40.55         | 0.01768      | 0.01476     | 0.05934        | 0.963                  | 0.003064     | 128.38 | -480179.301148 |
| HBARUSDT      | 0.001128      | 0.001787    | 0.06921      | 56.63         | 0.01076      | 0.01245     | 0.01311        | 0.8997                 | 0.005015     | 791.0  | -480179.301128 |
| LDOUSDT       | 0.001125      | 0.0008733   | 0.05652      | 57.08         | 0.01852      | 0.01538     | 0.06518        | 0.9351                 | 0.003655     | 281.5  | -480179.301125 |
| SFPUSDT       | 0.001112      | 0.001336    | 0.06897      | 56.0          | 0.01543      | 0.01698     | 0.01547        | 0.8834                 | 0.006208     | 791.0  | -480179.301112 |
| REEFUSDT      | 0.001101      | 0.001539    | 0.05881      | 33.18         | 0.01066      | 0.01529     | 0.02692        | 0.9148                 | 0.006168     | 791.0  | -480179.301101 |
| ONTUSDT       | 0.001087      | 0.00105     | 0.06429      | 46.65         | 0.01854      | 0.01488     | 0.06711        | 0.9569                 | 0.003281     | 791.0  | -480179.301087 |
| ZILUSDT       | 0.001082      | 0.001432    | 0.05211      | 47.07         | 0.01013      | 0.0154      | 0.04073        | 0.915                  | 0.006065     | 791.0  | -480179.301082 |
| FTMUSDT       | 0.001077      | 0.00135     | 0.06176      | 65.58         | 0.01759      | 0.01796     | 0.06986        | 0.8821                 | 0.005989     | 791.0  | -480179.301077 |
| TLMUSDT       | 0.001064      | 0.001053    | 0.06927      | 41.37         | 0.00633      | 0.005318    | 0.00266        | 0.9851                 | 0.001521     | 92.48  | -480179.301064 |
| CELOUSDT      | 0.001063      | 0.001376    | 0.05173      | 43.38         | 0.01076      | 0.01607     | 0.01874        | 0.8989                 | 0.006221     | 641.85 | -480179.301063 |
| CTKUSDT       | 0.001059      | 0.001422    | 0.0679       | 65.82         | 0.0121       | 0.01182     | 0.005432       | 0.9161                 | 0.003447     | 791.0  | -480179.301059 |
| AGIXUSDT      | 0.001048      | 0.001542    | 0.0675       | 33.9          | 0.01042      | 0.009306    | 0.008161       | 0.9701                 | 0.00321      | 134.4  | -480179.301048 |
| XRPUSDT       | 0.001047      | 0.001726    | 0.06304      | 55.5          | 0.0114       | 0.01463     | 0.07316        | 0.9082                 | 0.006005     | 791.0  | -480179.301047 |
| DGBUSDT       | 0.001037      | 0.002051    | 0.06998      | 45.83         | 0.01405      | 0.01965     | 0.03533        | 0.8577                 | 0.007713     | 791.0  | -480179.301037 |
| SPELLUSDT     | 0.001037      | 0.001141    | 0.0448       | 48.07         | 0.008149     | 0.007882    | 0.008162       | 0.9767                 | 0.001566     | 297.5  | -480179.301037 |
| MKRUSDT       | 0.001021      | 0.0017      | 0.05984      | 76.05         | 0.01154      | 0.01535     | 0.04636        | 0.8868                 | 0.005946     | 791.0  | -480179.301021 |
| OPUSDT        | 0.00101       | 0.001294    | 0.06334      | 39.25         | 0.01382      | 0.01949     | 0.05847        | 0.8872                 | 0.008372     | 394.41 | -480179.30101  |
| ARPAUSDT      | 0.00101       | 0.001021    | 0.05533      | 59.63         | 0.01334      | 0.01997     | 0.05015        | 0.8748                 | 0.008037     | 619.85 | -480179.30101  |
| ZENUSDT       | 0.001001      | 0.001391    | 0.06991      | 49.82         | 0.01554      | 0.01901     | 0.02274        | 0.8712                 | 0.007305     | 791.0  | -480179.301001 |
| ALICEUSDT     | 0.0009885     | 0.001207    | 0.06328      | 60.65         | 0.01719      | 0.01768     | 0.04198        | 0.9292                 | 0.003832     | 791.0  | -480179.300988 |
| QNTUSDT       | 0.0009781     | 0.0009131   | 0.06165      | 77.08         | 0.01001      | 0.008394    | 0.02217        | 0.9709                 | 0.001803     | 253.89 | -480179.300978 |
| UNIUSDT       | 0.0009717     | 0.001332    | 0.06583      | 62.22         | 0.0147       | 0.01588     | 0.02452        | 0.8905                 | 0.00539      | 791.0  | -480179.300972 |
| NEOUSDT       | 0.0009621     | 0.001251    | 0.06854      | 53.73         | 0.01095      | 0.01758     | 0.06933        | 0.8779                 | 0.007335     | 791.0  | -480179.300962 |
| WOOUSDT       | 0.0009484     | 0.001179    | 0.04422      | 36.38         | 0.01187      | 0.01573     | 0.05194        | 0.9154                 | 0.006317     | 448.85 | -480179.300948 |
| DASHUSDT      | 0.0009456     | 0.001236    | 0.06264      | 43.53         | 0.01223      | 0.01288     | 0.04075        | 0.921                  | 0.004789     | 791.0  | -480179.300946 |
| APTUSDT       | 0.0009305     | 0.001099    | 0.04452      | 62.22         | 0.01112      | 0.01106     | 0.02939        | 0.9559                 | 0.003055     | 254.92 | -480179.300931 |
| SANDUSDT      | 0.0009112     | 0.001294    | 0.06785      | 71.25         | 0.0166       | 0.01944     | 0.04793        | 0.8763                 | 0.007895     | 791.0  | -480179.300911 |
| SNXUSDT       | 0.0009086     | 0.00132     | 0.06327      | 64.05         | 0.01445      | 0.01992     | 0.05467        | 0.8794                 | 0.008255     | 791.0  | -480179.300909 |
| OGNUSDT       | 0.0009082     | 0.001331    | 0.06646      | 52.17         | 0.0195       | 0.0197      | 0.07999        | 0.8739                 | 0.006645     | 791.0  | -480179.300908 |
| PHBUSDT       | 0.0008986     | 0.001405    | 0.05996      | 39.02         | 0.01252      | 0.01246     | 0.05494        | 0.9418                 | 0.004435     | 134.39 | -480179.300899 |
| IDEXUSDT      | 0.0008961     | 0.002102    | 0.05489      | 32.07         | 0.01269      | 0.009591    | 0.02248        | 0.9857                 | 0.001723     | 58.5   | -480179.300896 |
| AUDIOUSDT     | 0.0008955     | 0.001353    | 0.06887      | 52.78         | 0.01299      | 0.0118      | 0.02117        | 0.9337                 | 0.004005     | 680.85 | -480179.300896 |
| SKLUSDT       | 0.0008891     | 0.001348    | 0.06949      | 46.98         | 0.0154       | 0.01741     | 0.04575        | 0.878                  | 0.007099     | 791.0  | -480179.300889 |
| CVXUSDT       | 0.0008806     | 0.0007966   | 0.06511      | 59.07         | 0.01181      | 0.01119     | 0.05495        | 0.9679                 | 0.002866     | 281.49 | -480179.300881 |
| EOSUSDT       | 0.0008773     | 0.001068    | 0.06683      | 59.78         | 0.01366      | 0.01179     | 0.02384        | 0.9486                 | 0.003012     | 791.0  | -480179.300877 |
| ALPHAUSDT     | 0.0008726     | 0.001287    | 0.06727      | 28.78         | 0.01302      | 0.01847     | 0.07795        | 0.8601                 | 0.007798     | 791.0  | -480179.300873 |
| FLMUSDT       | 0.0008701     | 0.001293    | 0.06948      | 70.22         | 0.01927      | 0.01874     | 0.09866        | 0.9044                 | 0.007337     | 791.0  | -480179.30087  |
| MATICUSDT     | 0.0008697     | 0.001323    | 0.05981      | 66.5          | 0.01358      | 0.01743     | 0.0179         | 0.8802                 | 0.0069       | 791.0  | -480179.30087  |
| CHRUSDT       | 0.0008629     | 0.001496    | 0.06898      | 64.08         | 0.01497      | 0.01851     | 0.03006        | 0.9006                 | 0.007541     | 791.0  | -480179.300863 |
| ONEUSDT       | 0.0008631     | 0.001525    | 0.04528      | 47.08         | 0.01256      | 0.01577     | 0.09822        | 0.8792                 | 0.005993     | 791.0  | -480179.300863 |
| STORJUSDT     | 0.0008376     | 0.001002    | 0.06986      | 66.75         | 0.01951      | 0.01679     | 0.0798         | 0.9134                 | 0.004517     | 791.0  | -480179.300838 |
| FILUSDT       | 0.0008292     | 0.000935    | 0.065        | 58.05         | 0.01339      | 0.01706     | 0.03734        | 0.9052                 | 0.007083     | 791.0  | -480179.300829 |
| LINKUSDT      | 0.0008266     | 0.001181    | 0.06833      | 50.33         | 0.01327      | 0.01814     | 0.02213        | 0.9012                 | 0.007655     | 791.0  | -480179.300827 |
| CKBUSDT       | 0.0008272     | 0.001007    | 0.0658       | 43.0          | 0.01261      | 0.01165     | 0.03806        | 0.9669                 | 0.003388     | 122.5  | -480179.300827 |
| RSRUSDT       | 0.0008089     | 0.0008716   | 0.05424      | 51.07         | 0.01959      | 0.01865     | 0.03644        | 0.8886                 | 0.005193     | 791.0  | -480179.300809 |
| SSVUSDT       | 0.0008074     | 0.0009982   | 0.05363      | 40.95         | 0.01847      | 0.01562     | 0.04927        | 0.9505                 | 0.005118     | 126.5  | -480179.300807 |
| LUNA2USDT     | 0.0008041     | 0.0008196   | 0.05212      | 25.13         | 0.01478      | 0.01462     | 0.08382        | 0.9786                 | 0.001858     | 293.87 | -480179.300804 |
| IOSTUSDT      | 0.0007912     | 0.001081    | 0.06762      | 48.63         | 0.01215      | 0.01365     | 0.01339        | 0.9136                 | 0.00549      | 791.0  | -480179.300791 |
| XLMUSDT       | 0.0007811     | 0.00125     | 0.06336      | 84.73         | 0.009829     | 0.0126      | 0.02284        | 0.9109                 | 0.003914     | 791.0  | -480179.300781 |
| ENJUSDT       | 0.0007798     | 0.001213    | 0.06938      | 63.57         | 0.01508      | 0.01954     | 0.04349        | 0.9127                 | 0.007883     | 791.0  | -480179.30078  |
| TRXUSDT       | 0.0007764     | 0.0008427   | 0.05807      | 38.55         | 0.007196     | 0.008716    | 0.04513        | 0.9179                 | 0.00275      | 791.0  | -480179.300776 |
| COMPUSDT      | 0.0007683     | 0.001249    | 0.06889      | 82.1          | 0.01623      | 0.01622     | 0.06401        | 0.8882                 | 0.006199     | 791.0  | -480179.300768 |
| BALUSDT       | 0.0007663     | 0.0008288   | 0.06943      | 60.32         | 0.01705      | 0.01885     | 0.02727        | 0.8892                 | 0.006722     | 791.0  | -480179.300766 |
| ENSUSDT       | 0.0007622     | 0.001324    | 0.06771      | 46.97         | 0.01353      | 0.01582     | 0.04747        | 0.9103                 | 0.006179     | 577.85 | -480179.300762 |
| ZRXUSDT       | 0.000759      | 0.00076     | 0.06604      | 47.45         | 0.01991      | 0.0196      | 0.0948         | 0.8875                 | 0.006914     | 791.0  | -480179.300759 |
| BLZUSDT       | 0.0007406     | 0.0009578   | 0.05726      | 56.02         | 0.0197       | 0.01987     | 0.03532        | 0.8928                 | 0.007184     | 791.0  | -480179.300741 |
| XTZUSDT       | 0.000732      | 0.0009215   | 0.06966      | 75.27         | 0.01338      | 0.01782     | 0.01878        | 0.9179                 | 0.00737      | 791.0  | -480179.300732 |
| 1INCHUSDT     | 0.0007306     | 0.001184    | 0.0642       | 52.73         | 0.01493      | 0.01834     | 0.061          | 0.8715                 | 0.007413     | 791.0  | -480179.300731 |
| DARUSDT       | 0.0007179     | 0.0009553   | 0.04817      | 40.12         | 0.01239      | 0.01159     | 0.0242         | 0.9514                 | 0.003127     | 427.85 | -480179.300718 |
| EGLDUSDT      | 0.0006823     | 0.001543    | 0.06719      | 57.67         | 0.01103      | 0.01574     | 0.03849        | 0.8931                 | 0.006288     | 791.0  | -480179.300682 |
| STGUSDT       | 0.0006721     | 0.0006853   | 0.06913      | 71.92         | 0.01787      | 0.01778     | 0.05804        | 0.9268                 | 0.00623      | 309.5  | -480179.300672 |
| JASMYUSDT     | 0.0006694     | 0.0006815   | 0.02031      | 57.25         | 0.01328      | 0.01126     | 0.0955         | 0.9565                 | 0.001898     | 436.85 | -480179.300669 |
| ACHUSDT       | 0.0006663     | 0.001134    | 0.02675      | 60.75         | 0.01146      | 0.008816    | 0.05975        | 0.987                  | 0.001033     | 128.39 | -480179.300666 |
| BATUSDT       | 0.000631      | 0.001138    | 0.06963      | 46.58         | 0.01227      | 0.01796     | 0.07746        | 0.8744                 | 0.007546     | 791.0  | -480179.300631 |
| ARUSDT        | 0.0006117     | 0.0008666   | 0.05186      | 52.9          | 0.0185       | 0.0164      | 0.032          | 0.914                  | 0.004568     | 640.85 | -480179.300612 |
| IOTAUSDT      | 0.0006099     | 0.000981    | 0.06932      | 51.68         | 0.01275      | 0.01429     | 0.05522        | 0.9184                 | 0.005657     | 791.0  | -480179.30061  |
| ETCUSDT       | 0.0005786     | 0.001469    | 0.06295      | 55.38         | 0.009431     | 0.0104      | 0.0628         | 0.9421                 | 0.004507     | 791.0  | -480179.300579 |
| QTUMUSDT      | 0.0005758     | 0.0009935   | 0.06963      | 51.1          | 0.01663      | 0.0182      | 0.06334        | 0.8849                 | 0.007453     | 791.0  | -480179.300576 |
| TRUUSDT       | 0.000567      | 0.0009994   | 0.06872      | 53.47         | 0.01873      | 0.01554     | 0.02871        | 0.9675                 | 0.003383     | 115.5  | -480179.300567 |
| MASKUSDT      | 0.0005442     | 0.0007779   | 0.03415      | 57.72         | 0.01597      | 0.01776     | 0.0312         | 0.8912                 | 0.00572      | 672.85 | -480179.300544 |
| GMXUSDT       | 0.0004777     | 0.0005843   | 0.05144      | 21.12         | 0.01604      | 0.01297     | 0.09556        | 0.9907                 | 0.001433     | 133.39 | -480179.300478 |
| APEUSDT       | 0.0004642     | 0.0006616   | 0.03523      | 56.03         | 0.0129       | 0.01136     | 0.03669        | 0.9695                 | 0.002294     | 470.37 | -480179.300464 |
| AVAXUSDT      | 0.0004552     | 0.001416    | 0.06613      | 48.23         | 0.01477      | 0.0146      | 0.06969        | 0.9131                 | 0.004721     | 791.0  | -480179.300455 |
| API3USDT      | 0.0004128     | 0.00062     | 0.03567      | 55.87         | 0.01267      | 0.01118     | 0.02869        | 0.966                  | 0.001933     | 493.85 | -480179.300413 |
| CTSIUSDT      | 0.0004037     | 0.0004394   | 0.01946      | 60.97         | 0.01565      | 0.01394     | 0.01684        | 0.9666                 | 0.001285     | 612.85 | -480179.300404 |
| FLOWUSDT      | 0.0003613     | 0.0004136   | 0.02745      | 72.7          | 0.01467      | 0.01332     | 0.02018        | 0.9549                 | 0.002117     | 505.85 | -480179.300361 |
| LEVERUSDT     | 0.0003516     | 0.0006712   | 0.05764      | 45.05         | 0.01561      | 0.01365     | 0.03779        | 0.9793                 | 0.002775     | 92.49  | -480179.300352 |
| DUSKUSDT      | 0.000345      | 0.0004358   | 0.02924      | 63.27         | 0.01774      | 0.01798     | 0.02916        | 0.8932                 | 0.004559     | 539.85 | -480179.300345 |
| YFIUSDT       | 0.0003246     | 0.0007867   | 0.0387       | 69.32         | 0.01509      | 0.01514     | 0.02331        | 0.9078                 | 0.003455     | 791.0  | -480179.300325 |
| ANTUSDT       | 0.000305      | 0.0008108   | 0.05087      | 69.17         | 0.01986      | 0.01797     | 0.09398        | 0.9062                 | 0.005457     | 550.83 | -480179.300305 |
| KNCUSDT       | 0.0003018     | 0.001086    | 0.0271       | 78.8          | 0.01478      | 0.01333     | 0.08064        | 0.9126                 | 0.003139     | 791.0  | -480179.300302 |
| SXPUSDT       | 0.0002836     | 0.0009597   | 0.03008      | 69.62         | 0.01476      | 0.01322     | 0.09121        | 0.9199                 | 0.003355     | 791.0  | -480179.300284 |
| MAGICUSDT     | 0.001039      | 0.001494    | 0.07364      | 38.78         | 0.01368      | 0.01587     | 0.02357        | 0.9472                 | 0.007063     | 156.87 | -480179.264628 |
| ROSEUSDT      | 0.000443      | 0.0007766   | 0.07645      | 66.52         | 0.0191       | 0.01789     | 0.09104        | 0.9428                 | 0.006077     | 546.85 | -480179.2359   |
| GALUSDT       | 0.0006323     | 0.001304    | 0.08332      | 50.63         | 0.01935      | 0.01965     | 0.06572        | 0.9079                 | 0.007577     | 421.41 | -480179.167456 |
| GALAUSDT      | 0.001166      | 0.001587    | 0.08542      | 60.88         | 0.01468      | 0.02026     | 0.08256        | 0.9095                 | 0.00864      | 650.85 | -480176.515467 |
| 1000XECUSDT   | 0.0006434     | 0.0008446   | 0.09137      | 70.28         | 0.01696      | 0.02285     | 0.08079        | 0.9049                 | 0.009891     | 651.85 | -480150.566251 |
| FXSUSDT       | 0.0002403     | 0.0003627   | 0.0677       | 54.92         | 0.02116      | 0.02335     | 0.08346        | 0.9235                 | 0.009879     | 161.87 | -480144.685269 |
| IOTXUSDT      | 0.0007163     | 0.0007904   | 0.1021       | 50.55         | 0.02285      | 0.03417     | 0.0793         | 0.8451                 | 0.01498      | 687.85 | -480034.391875 |
| DYDXUSDT      | 0.0009424     | 0.001322    | 0.07821      | 41.95         | 0.01902      | 0.0372      | 0.08072        | 0.8509                 | 0.01575      | 658.85 | -480007.21348  |
| GTCUSDT       | 0.0004079     | 0.000909    | 0.1193       | 57.0          | 0.0277       | 0.04238     | 0.09557        | 0.8289                 | 0.01801      | 749.85 | -479947.281027 |
| BAKEUSDT      | 0.0003759     | 0.0004713   | 0.06113      | 58.03         | 0.02443      | 0.0377      | 0.1046         | 0.8449                 | 0.01441      | 772.71 | -479536.421385 |
| AAVEUSDT      | 0.0001616     | 0.001085    | 0.03953      | 74.53         | 0.02014      | 0.01746     | 0.1118         | 0.9353                 | 0.003167     | 791.0  | -479003.808142 |
| WAVESUSDT     | 0.0006306     | 0.001118    | 0.03231      | 43.03         | 0.01469      | 0.01372     | 0.1119         | 0.9601                 | 0.001739     | 791.0  | -478990.493903 |
| XEMUSDT       | 0.0001339     | 0.0005406   | 0.01963      | 80.77         | 0.01259      | 0.01305     | 0.1139         | 0.8982                 | 0.003389     | 791.0  | -478789.463818 |
| LPTUSDT       | 0.000613      | 0.0007003   | 0.109        | 68.28         | 0.02772      | 0.04279     | 0.1187         | 0.8364                 | 0.01936      | 596.85 | -478069.981047 |
| JOEUSDT       | 0.0004451     | 0.0004344   | 0.07456      | 40.77         | 0.01866      | 0.02131     | 0.1397         | 0.9339                 | 0.009392     | 93.49  | -476200.888348 |
| GMTUSDT       | 0.0003166     | 0.001235    | 0.02679      | 52.23         | 0.01305      | 0.01383     | 0.1412         | 0.9083                 | 0.003862     | 472.83 | -476063.219693 |
| KSMUSDT       | 0.001229      | 0.001781    | 0.09979      | 44.03         | 0.0174       | 0.0162      | 0.1418         | 0.9043                 | 0.004484     | 791.0  | -475998.206607 |
| C98USDT       | 0.0007576     | 0.001002    | 0.138        | 53.82         | 0.03259      | 0.05794     | 0.1445         | 0.8273                 | 0.02369      | 675.85 | -475334.403438 |
| KAVAUSDT      | 0.0003793     | 0.0009763   | 0.01585      | 61.77         | 0.01339      | 0.01288     | 0.1621         | 0.9109                 | 0.002566     | 791.0  | -473969.322682 |
| AXSUSDT       | 0.0006095     | 0.001857    | 0.1105       | 90.32         | 0.01969      | 0.0379      | 0.2142         | 0.8405                 | 0.01624      | 791.0  | -468581.933545 |
| KLAYUSDT      | 6.285e-05     | 0.0003288   | 0.0085       | 62.88         | 0.01121      | 0.0105      | 0.3101         | 0.9693                 | 0.0009766    | 626.85 | -459167.526338 |
+---------------+---------------+-------------+--------------+---------------+--------------+-------------+----------------+------------------------+--------------+--------+----------------+

+--------------------------------------------------------------------------------------------------------------------------------------------------------------------------------------------+
|                                                                                           short                                                                                            |
+---------------+---------------+-------------+--------------+---------------+--------------+-------------+----------------+------------------------+--------------+--------+----------------+
| symbol        | adg_w_per_exp | adg_per_exp | exp_rts_mean | hrs_stuck_max | pa_dist_mean | pa_dist_std | loss_profit_rt | eqbal_rt_10_worst_mean | eqbal_rt_std | n_days | score          |
+---------------+---------------+-------------+--------------+---------------+--------------+-------------+----------------+------------------------+--------------+--------+----------------+
| MAVUSDT       | 0.01327       | 0.01102     | 0.01542      | 13.83         | 0.01531      | 0.01322     | 0.01356        | 0.9999                 | 0.0001085    | 1.5    | -230179.313273 |
| 1000FLOKIUSDT | 0.003431      | 0.001869    | 0.02801      | 36.33         | 0.006792     | 0.007024    | 0.009337       | 0.9972                 | 0.0004502    | 55.31  | -230179.303431 |
| TRUUSDT       | 0.003238      | 0.002694    | 0.04802      | 21.55         | 0.008194     | 0.01446     | 0.03247        | 0.9676                 | 0.002299     | 115.5  | -230179.303238 |
| BLURUSDT      | 0.003192      | 0.002126    | 0.04245      | 47.83         | 0.008774     | 0.007487    | 0.01966        | 0.9955                 | 0.0004497    | 63.5   | -230179.303192 |
| IDEXUSDT      | 0.002864      | 0.001095    | 0.04116      | 41.8          | 0.01475      | 0.01149     | 0.03808        | 0.9977                 | 0.000337     | 58.5   | -230179.302864 |
| 1000PEPEUSDT  | 0.002606      | 0.002224    | 0.02117      | 57.75         | 0.01463      | 0.01306     | 0.006482       | 0.9975                 | 0.0002868    | 56.31  | -230179.302606 |
| AGIXUSDT      | 0.002573      | 0.002599    | 0.0635       | 78.53         | 0.01428      | 0.01462     | 0.00538        | 0.9721                 | 0.001769     | 134.4  | -230179.302573 |
| RDNTUSDT      | 0.002431      | 0.002298    | 0.06769      | 37.25         | 0.01428      | 0.01085     | 0.004104       | 0.994                  | 0.0005938    | 86.5   | -230179.302431 |
| LEVERUSDT     | 0.002292      | 0.001739    | 0.04108      | 45.23         | 0.009447     | 0.008629    | 0.01706        | 0.996                  | 0.0003239    | 92.49  | -230179.302292 |
| SSVUSDT       | 0.002268      | 0.002082    | 0.06093      | 78.27         | 0.01434      | 0.01188     | 0.005714       | 0.9854                 | 0.000995     | 126.5  | -230179.302268 |
| HFTUSDT       | 0.002126      | 0.001448    | 0.03375      | 49.82         | 0.01363      | 0.01446     | 0.05013        | 0.9982                 | 0.0002121    | 85.5   | -230179.302126 |
| LITUSDT       | 0.002109      | 0.002026    | 0.06894      | 78.67         | 0.01648      | 0.01695     | 0.03201        | 0.9678                 | 0.002036     | 791.0  | -230179.302109 |
| GMXUSDT       | 0.002063      | 0.001363    | 0.06973      | 61.77         | 0.01219      | 0.01116     | 0.01451        | 0.9953                 | 0.0004991    | 133.39 | -230179.302063 |
| CHZUSDT       | 0.002022      | 0.002795    | 0.0688       | 60.27         | 0.01113      | 0.01439     | 0.01555        | 0.9601                 | 0.002168     | 791.0  | -230179.302022 |
| LQTYUSDT      | 0.001997      | 0.002473    | 0.03187      | 41.52         | 0.0108       | 0.01191     | 0.01299        | 0.9804                 | 0.001276     | 112.5  | -230179.301997 |
| UMAUSDT       | 0.001918      | 0.001129    | 0.04161      | 40.95         | 0.01078      | 0.008998    | 0.04971        | 0.9985                 | 0.0002153    | 51.48  | -230179.301918 |
| OMGUSDT       | 0.001913      | 0.001996    | 0.0698       | 80.53         | 0.01278      | 0.01758     | 0.01789        | 0.9521                 | 0.002706     | 791.0  | -230179.301913 |
| HIGHUSDT      | 0.001871      | 0.002621    | 0.05668      | 62.83         | 0.01337      | 0.01055     | 0.009068       | 0.9877                 | 0.0009524    | 143.89 | -230179.301871 |
| KEYUSDT       | 0.001844      | 0.003389    | 0.06808      | 19.02         | 0.00996      | 0.0157      | 0.03978        | 0.9809                 | 0.002306     | 37.5   | -230179.301844 |
| ACHUSDT       | 0.001836      | 0.002466    | 0.04527      | 84.75         | 0.01203      | 0.01007     | 0.005115       | 0.9924                 | 0.0005327    | 128.39 | -230179.301836 |
| ALICEUSDT     | 0.001818      | 0.001937    | 0.06989      | 64.15         | 0.0157       | 0.01651     | 0.01071        | 0.9827                 | 0.001112     | 791.0  | -230179.301818 |
| SKLUSDT       | 0.001801      | 0.002536    | 0.06416      | 46.28         | 0.01174      | 0.01107     | 0.02503        | 0.9755                 | 0.001322     | 791.0  | -230179.301801 |
| OCEANUSDT     | 0.001776      | 0.002157    | 0.06923      | 53.82         | 0.01207      | 0.01365     | 0.04467        | 0.9643                 | 0.002023     | 791.0  | -230179.301776 |
| CELRUSDT      | 0.001771      | 0.002368    | 0.06418      | 53.72         | 0.01136      | 0.01211     | 0.009518       | 0.9736                 | 0.001604     | 791.0  | -230179.301771 |
| EDUUSDT       | 0.001764      | 0.003087    | 0.0697       | 40.6          | 0.01419      | 0.01751     | 0.02516        | 0.9779                 | 0.002626     | 61.5   | -230179.301764 |
| JASMYUSDT     | 0.00176       | 0.002581    | 0.05452      | 80.27         | 0.008768     | 0.008001    | 0.02203        | 0.9826                 | 0.0009151    | 436.85 | -230179.30176  |
| RENUSDT       | 0.001754      | 0.001678    | 0.06885      | 78.65         | 0.01851      | 0.01812     | 0.04746        | 0.9535                 | 0.002292     | 791.0  | -230179.301754 |
| CKBUSDT       | 0.001735      | 0.001779    | 0.05458      | 31.4          | 0.008963     | 0.007855    | 0.006821       | 0.9957                 | 0.0003518    | 122.5  | -230179.301735 |
| PHBUSDT       | 0.001726      | 0.001982    | 0.05512      | 83.27         | 0.01077      | 0.01267     | 0.007588       | 0.9813                 | 0.001658     | 134.39 | -230179.301726 |
| RADUSDT       | 0.00172       | 0.001753    | 0.03595      | 33.2          | 0.01077      | 0.009835    | 0.02531        | 0.9971                 | 0.0003227    | 51.5   | -230179.30172  |
| OGNUSDT       | 0.001703      | 0.002117    | 0.06846      | 60.0          | 0.01364      | 0.01554     | 0.02257        | 0.9554                 | 0.002044     | 791.0  | -230179.301703 |
| TUSDT         | 0.00167       | 0.001518    | 0.06066      | 41.23         | 0.008558     | 0.01181     | 0.01755        | 0.9763                 | 0.001731     | 149.46 | -230179.30167  |
| MINAUSDT      | 0.001666      | 0.001759    | 0.06376      | 76.72         | 0.01319      | 0.01263     | 0.02838        | 0.9893                 | 0.0008537    | 143.54 | -230179.301666 |
| BNXUSDT       | 0.001662      | 0.002108    | 0.0645       | 71.23         | 0.009886     | 0.009699    | 0.006993       | 0.9843                 | 0.001165     | 128.38 | -230179.301662 |
| BATUSDT       | 0.001625      | 0.001428    | 0.06949      | 81.47         | 0.0171       | 0.01958     | 0.05687        | 0.977                  | 0.001792     | 791.0  | -230179.301625 |
| TRBUSDT       | 0.001597      | 0.00226     | 0.06507      | 78.78         | 0.01354      | 0.0136      | 0.008725       | 0.9708                 | 0.001461     | 791.0  | -230179.301597 |
| 1000LUNCUSDT  | 0.001588      | 0.001794    | 0.06599      | 49.25         | 0.01066      | 0.01609     | 0.01758        | 0.9573                 | 0.002576     | 294.46 | -230179.301588 |
| ANKRUSDT      | 0.001573      | 0.002053    | 0.06921      | 66.87         | 0.01192      | 0.01935     | 0.02924        | 0.9483                 | 0.003273     | 791.0  | -230179.301573 |
| GALUSDT       | 0.00157       | 0.002983    | 0.06483      | 60.4          | 0.01231      | 0.01308     | 0.01125        | 0.9739                 | 0.001718     | 421.41 | -230179.30157  |
| CHRUSDT       | 0.001565      | 0.001848    | 0.06806      | 83.43         | 0.01403      | 0.01603     | 0.02885        | 0.9542                 | 0.001848     | 791.0  | -230179.301565 |
| HOOKUSDT      | 0.001543      | 0.001573    | 0.05934      | 54.93         | 0.0171       | 0.01634     | 0.02132        | 0.9869                 | 0.001118     | 158.87 | -230179.301543 |
| COMBOUSDT     | 0.001538      | 0.002836    | 0.04501      | 41.93         | 0.01003      | 0.008115    | 0.01124        | 0.9939                 | 0.0008214    | 28.5   | -230179.301538 |
| ASTRUSDT      | 0.001535      | 0.001695    | 0.06518      | 38.45         | 0.00676      | 0.006198    | 0.01081        | 0.9938                 | 0.0006041    | 136.89 | -230179.301535 |
| TLMUSDT       | 0.001532      | 0.001267    | 0.06323      | 57.08         | 0.007936     | 0.008287    | 0.002168       | 0.9941                 | 0.0005012    | 92.48  | -230179.301532 |
| LUNA2USDT     | 0.001532      | 0.002201    | 0.0382       | 23.8          | 0.005526     | 0.006555    | 0.03093        | 0.9856                 | 0.0007719    | 293.87 | -230179.301532 |
| RSRUSDT       | 0.001522      | 0.002125    | 0.07         | 39.03         | 0.01229      | 0.01173     | 0.02721        | 0.9769                 | 0.001323     | 791.0  | -230179.301522 |
| AMBUSDT       | 0.001473      | 0.001414    | 0.02537      | 55.97         | 0.01023      | 0.00932     | 0.003166       | 0.9965                 | 0.0003201    | 92.5   | -230179.301473 |
| NKNUSDT       | 0.001473      | 0.001961    | 0.05672      | 90.4          | 0.01644      | 0.01745     | 0.03848        | 0.9493                 | 0.00261      | 791.0  | -230179.301473 |
| FETUSDT       | 0.001465      | 0.001533    | 0.06792      | 41.68         | 0.01775      | 0.01752     | 0.05068        | 0.9722                 | 0.002038     | 164.89 | -230179.301465 |
| STORJUSDT     | 0.001464      | 0.001671    | 0.06963      | 78.28         | 0.01438      | 0.01883     | 0.01541        | 0.9604                 | 0.002385     | 791.0  | -230179.301464 |
| BLZUSDT       | 0.001462      | 0.001591    | 0.06971      | 69.3          | 0.01726      | 0.01649     | 0.01671        | 0.9872                 | 0.0008036    | 791.0  | -230179.301462 |
| LRCUSDT       | 0.001461      | 0.001767    | 0.06798      | 80.48         | 0.01673      | 0.01969     | 0.02094        | 0.9559                 | 0.002426     | 791.0  | -230179.301461 |
| CRVUSDT       | 0.001452      | 0.001794    | 0.06779      | 67.55         | 0.01453      | 0.01712     | 0.02492        | 0.9546                 | 0.002283     | 791.0  | -230179.301452 |
| SFPUSDT       | 0.001446      | 0.001439    | 0.06689      | 79.8          | 0.01494      | 0.01928     | 0.02481        | 0.9434                 | 0.001875     | 791.0  | -230179.301446 |
| ONTUSDT       | 0.001434      | 0.001388    | 0.06979      | 83.17         | 0.01417      | 0.01384     | 0.02584        | 0.9781                 | 0.001291     | 791.0  | -230179.301434 |
| TOMOUSDT      | 0.001407      | 0.001231    | 0.06853      | 68.75         | 0.01469      | 0.01975     | 0.04486        | 0.9602                 | 0.002968     | 791.0  | -230179.301407 |
| GRTUSDT       | 0.00139       | 0.001805    | 0.06865      | 85.92         | 0.01486      | 0.01851     | 0.04324        | 0.9431                 | 0.00297      | 791.0  | -230179.30139  |
| ENJUSDT       | 0.001372      | 0.001708    | 0.06827      | 75.95         | 0.01581      | 0.01743     | 0.02533        | 0.9702                 | 0.002409     | 791.0  | -230179.301372 |
| REEFUSDT      | 0.001371      | 0.001882    | 0.06958      | 46.7          | 0.007965     | 0.01018     | 0.01147        | 0.9762                 | 0.001328     | 791.0  | -230179.301371 |
| ZENUSDT       | 0.00137       | 0.001802    | 0.0697       | 61.85         | 0.01219      | 0.01243     | 0.02705        | 0.9652                 | 0.001433     | 791.0  | -230179.30137  |
| RLCUSDT       | 0.001363      | 0.001626    | 0.06911      | 80.37         | 0.01577      | 0.01936     | 0.02021        | 0.9139                 | 0.003106     | 791.0  | -230179.301363 |
| VETUSDT       | 0.001346      | 0.001407    | 0.06592      | 78.8          | 0.01415      | 0.01413     | 0.0441         | 0.9837                 | 0.0008501    | 791.0  | -230179.301346 |
| ENSUSDT       | 0.001341      | 0.001868    | 0.06624      | 78.67         | 0.01423      | 0.01277     | 0.0126         | 0.9854                 | 0.0009443    | 577.85 | -230179.301341 |
| ALPHAUSDT     | 0.001337      | 0.001452    | 0.06892      | 79.88         | 0.01866      | 0.01863     | 0.05258        | 0.951                  | 0.002586     | 791.0  | -230179.301337 |
| XRPUSDT       | 0.001336      | 0.001451    | 0.06866      | 66.48         | 0.009469     | 0.01454     | 0.02621        | 0.9651                 | 0.002081     | 791.0  | -230179.301336 |
| SNXUSDT       | 0.001323      | 0.001531    | 0.06661      | 75.8          | 0.01735      | 0.01926     | 0.02733        | 0.9635                 | 0.002345     | 791.0  | -230179.301323 |
| CTKUSDT       | 0.001318      | 0.001639    | 0.06709      | 61.2          | 0.01255      | 0.01642     | 0.0196         | 0.9404                 | 0.002194     | 791.0  | -230179.301318 |
| HBARUSDT      | 0.001301      | 0.002234    | 0.0689       | 58.8          | 0.007801     | 0.0117      | 0.04623        | 0.961                  | 0.001815     | 791.0  | -230179.301301 |
| FLMUSDT       | 0.001298      | 0.001359    | 0.06929      | 83.85         | 0.01714      | 0.01863     | 0.02805        | 0.9222                 | 0.002464     | 791.0  | -230179.301298 |
| HOTUSDT       | 0.001297      | 0.001434    | 0.06995      | 46.7          | 0.0101       | 0.01115     | 0.02455        | 0.9827                 | 0.001057     | 791.0  | -230179.301297 |
| NEOUSDT       | 0.001295      | 0.001301    | 0.06952      | 84.85         | 0.01483      | 0.01379     | 0.03043        | 0.9726                 | 0.001546     | 791.0  | -230179.301295 |
| MTLUSDT       | 0.001291      | 0.001251    | 0.06896      | 54.82         | 0.01775      | 0.01918     | 0.07361        | 0.9507                 | 0.002689     | 791.0  | -230179.301291 |
| SPELLUSDT     | 0.001288      | 0.001187    | 0.06817      | 79.13         | 0.009262     | 0.009574    | 0.01046        | 0.9858                 | 0.0008427    | 297.5  | -230179.301288 |
| ICXUSDT       | 0.001276      | 0.001286    | 0.06972      | 68.3          | 0.0159       | 0.01866     | 0.02524        | 0.9445                 | 0.00246      | 791.0  | -230179.301276 |
| SUSHIUSDT     | 0.001273      | 0.001902    | 0.06918      | 78.18         | 0.01327      | 0.01892     | 0.02468        | 0.9408                 | 0.0028       | 791.0  | -230179.301273 |
| ONEUSDT       | 0.001269      | 0.001589    | 0.06598      | 79.0          | 0.01524      | 0.01992     | 0.04324        | 0.9584                 | 0.002737     | 791.0  | -230179.301269 |
| STMXUSDT      | 0.001258      | 0.001892    | 0.06583      | 71.47         | 0.01014      | 0.01212     | 0.00751        | 0.9706                 | 0.001659     | 791.0  | -230179.301258 |
| FTMUSDT       | 0.001249      | 0.001789    | 0.06881      | 63.98         | 0.0181       | 0.01956     | 0.02907        | 0.959                  | 0.002505     | 791.0  | -230179.301249 |
| BELUSDT       | 0.001239      | 0.001373    | 0.06722      | 65.28         | 0.01808      | 0.01955     | 0.04629        | 0.9381                 | 0.002463     | 791.0  | -230179.301239 |
| ZRXUSDT       | 0.001237      | 0.001452    | 0.06961      | 72.78         | 0.01324      | 0.01438     | 0.02206        | 0.9609                 | 0.001756     | 791.0  | -230179.301237 |
| ARBUSDT       | 0.001218      | 0.001018    | 0.06107      | 51.43         | 0.01654      | 0.01697     | 0.03311        | 0.9908                 | 0.001115     | 99.37  | -230179.301218 |
| KAVAUSDT      | 0.001217      | 0.001354    | 0.06975      | 57.43         | 0.01523      | 0.01974     | 0.04768        | 0.9416                 | 0.003142     | 791.0  | -230179.301217 |
| IDUSDT        | 0.001207      | 0.001936    | 0.04996      | 59.53         | 0.0132       | 0.01362     | 0.005796       | 0.9864                 | 0.001265     | 99.39  | -230179.301207 |
| INJUSDT       | 0.001185      | 0.001404    | 0.05754      | 40.5          | 0.014        | 0.01202     | 0.01203        | 0.987                  | 0.001041     | 317.88 | -230179.301185 |
| XEMUSDT       | 0.001168      | 0.001432    | 0.06763      | 64.92         | 0.0098       | 0.01483     | 0.02652        | 0.9568                 | 0.002416     | 791.0  | -230179.301168 |
| CTSIUSDT      | 0.001167      | 0.001346    | 0.06111      | 78.87         | 0.01488      | 0.01969     | 0.04053        | 0.962                  | 0.00284      | 612.85 | -230179.301167 |
| THETAUSDT     | 0.001159      | 0.001904    | 0.06967      | 78.42         | 0.01309      | 0.01163     | 0.03192        | 0.9759                 | 0.001398     | 791.0  | -230179.301159 |
| DENTUSDT      | 0.001151      | 0.001187    | 0.06901      | 72.0          | 0.0158       | 0.01824     | 0.03169        | 0.9624                 | 0.002308     | 791.0  | -230179.301151 |
| API3USDT      | 0.001148      | 0.001281    | 0.06346      | 93.72         | 0.01382      | 0.01605     | 0.01693        | 0.9698                 | 0.001812     | 493.85 | -230179.301148 |
| ETCUSDT       | 0.001136      | 0.001486    | 0.06797      | 61.5          | 0.01358      | 0.01976     | 0.053          | 0.9609                 | 0.002894     | 791.0  | -230179.301136 |
| MATICUSDT     | 0.001131      | 0.001443    | 0.06939      | 78.78         | 0.01558      | 0.01867     | 0.03967        | 0.9691                 | 0.002017     | 791.0  | -230179.301131 |
| KNCUSDT       | 0.001114      | 0.001258    | 0.06968      | 54.2          | 0.01686      | 0.01694     | 0.03231        | 0.9769                 | 0.001468     | 791.0  | -230179.301114 |
| COTIUSDT      | 0.001112      | 0.001633    | 0.06469      | 42.8          | 0.01267      | 0.01338     | 0.02499        | 0.9709                 | 0.001864     | 791.0  | -230179.301112 |
| DYDXUSDT      | 0.00111       | 0.001237    | 0.04755      | 50.35         | 0.01352      | 0.01309     | 0.01736        | 0.9866                 | 0.0007942    | 658.85 | -230179.30111  |
| FXSUSDT       | 0.001106      | 0.001062    | 0.06917      | 73.98         | 0.01587      | 0.01454     | 0.01719        | 0.9905                 | 0.001092     | 161.87 | -230179.301106 |
| DUSKUSDT      | 0.001105      | 0.00154     | 0.06398      | 53.47         | 0.0149       | 0.01354     | 0.0224         | 0.9872                 | 0.000719     | 539.85 | -230179.301105 |
| IOSTUSDT      | 0.001099      | 0.001428    | 0.06918      | 75.72         | 0.009315     | 0.01582     | 0.01937        | 0.9499                 | 0.00234      | 791.0  | -230179.301099 |
| DASHUSDT      | 0.001095      | 0.001037    | 0.06705      | 53.75         | 0.0169       | 0.01603     | 0.05803        | 0.98                   | 0.001041     | 791.0  | -230179.301095 |
| XTZUSDT       | 0.001092      | 0.00157     | 0.06965      | 58.05         | 0.01295      | 0.01248     | 0.01317        | 0.9683                 | 0.001451     | 791.0  | -230179.301092 |
| FLOWUSDT      | 0.001074      | 0.001206    | 0.04785      | 91.07         | 0.01283      | 0.0131      | 0.02505        | 0.9841                 | 0.0007925    | 505.85 | -230179.301074 |
| CELOUSDT      | 0.001069      | 0.001246    | 0.05534      | 70.58         | 0.01442      | 0.0129      | 0.02357        | 0.9784                 | 0.001226     | 641.85 | -230179.301069 |
| ALGOUSDT      | 0.001062      | 0.001943    | 0.06877      | 66.85         | 0.01044      | 0.01211     | 0.06323        | 0.9596                 | 0.00181      | 791.0  | -230179.301062 |
| COMPUSDT      | 0.001059      | 0.001041    | 0.06917      | 72.02         | 0.01933      | 0.01968     | 0.04434        | 0.9774                 | 0.001677     | 791.0  | -230179.301059 |
| 1INCHUSDT     | 0.001055      | 0.001552    | 0.06978      | 88.5          | 0.01696      | 0.01388     | 0.05059        | 0.9759                 | 0.001325     | 791.0  | -230179.301055 |
| DGBUSDT       | 0.001047      | 0.001477    | 0.06725      | 79.22         | 0.01187      | 0.01761     | 0.01897        | 0.9582                 | 0.002671     | 791.0  | -230179.301047 |
| IMXUSDT       | 0.001033      | 0.001203    | 0.06049      | 88.72         | 0.01881      | 0.01942     | 0.0408         | 0.9691                 | 0.001828     | 504.85 | -230179.301033 |
| NEARUSDT      | 0.001032      | 0.001675    | 0.06571      | 81.48         | 0.01623      | 0.01836     | 0.0452         | 0.9666                 | 0.002187     | 791.0  | -230179.301032 |
| DARUSDT       | 0.00103       | 0.001509    | 0.06426      | 78.95         | 0.01154      | 0.01356     | 0.01705        | 0.977                  | 0.001601     | 427.85 | -230179.30103  |
| 1000XECUSDT   | 0.001024      | 0.00118     | 0.06504      | 75.43         | 0.01115      | 0.01465     | 0.02439        | 0.9434                 | 0.001928     | 651.85 | -230179.301024 |
| MKRUSDT       | 0.0009888     | 0.001432    | 0.06221      | 61.27         | 0.01225      | 0.01563     | 0.03032        | 0.9637                 | 0.002197     | 791.0  | -230179.300989 |
| LINKUSDT      | 0.0009768     | 0.001415    | 0.06849      | 75.95         | 0.01118      | 0.01117     | 0.02549        | 0.9704                 | 0.001396     | 791.0  | -230179.300977 |
| FILUSDT       | 0.0009733     | 0.00113     | 0.06338      | 85.25         | 0.01537      | 0.01857     | 0.04491        | 0.9517                 | 0.002115     | 791.0  | -230179.300973 |
| ZECUSDT       | 0.0009546     | 0.001054    | 0.06741      | 48.43         | 0.01239      | 0.01446     | 0.03616        | 0.9723                 | 0.00174      | 791.0  | -230179.300955 |
| QTUMUSDT      | 0.00093       | 0.001185    | 0.06621      | 63.5          | 0.01395      | 0.01698     | 0.04761        | 0.956                  | 0.002533     | 791.0  | -230179.30093  |
| XLMUSDT       | 0.0009078     | 0.001005    | 0.06965      | 46.55         | 0.01008      | 0.01117     | 0.02079        | 0.9757                 | 0.001431     | 791.0  | -230179.300908 |
| RVNUSDT       | 0.0008469     | 0.001086    | 0.05091      | 78.3          | 0.01476      | 0.01498     | 0.02596        | 0.9717                 | 0.00141      | 791.0  | -230179.300847 |
| LPTUSDT       | 0.0008297     | 0.0009965   | 0.06306      | 81.83         | 0.0185       | 0.0188      | 0.06445        | 0.9776                 | 0.001659     | 596.85 | -230179.30083  |
| EOSUSDT       | 0.0008094     | 0.001174    | 0.06771      | 75.97         | 0.01058      | 0.01602     | 0.02221        | 0.9486                 | 0.002487     | 791.0  | -230179.300809 |
| RUNEUSDT      | 0.0007917     | 0.001447    | 0.06976      | 82.25         | 0.01608      | 0.01637     | 0.02544        | 0.9721                 | 0.001941     | 791.0  | -230179.300792 |
| IOTAUSDT      | 0.0007871     | 0.001284    | 0.05447      | 63.52         | 0.007774     | 0.008356    | 0.01243        | 0.9752                 | 0.001127     | 791.0  | -230179.300787 |
| APEUSDT       | 0.0007613     | 0.001416    | 0.05343      | 88.15         | 0.01351      | 0.01437     | 0.02525        | 0.9734                 | 0.001578     | 470.37 | -230179.300761 |
| IOTXUSDT      | 0.0007478     | 0.0008609   | 0.04713      | 73.27         | 0.01601      | 0.01669     | 0.02609        | 0.9814                 | 0.001072     | 687.85 | -230179.300748 |
| ATOMUSDT      | 0.0007471     | 0.001323    | 0.06941      | 57.0          | 0.01511      | 0.01946     | 0.04873        | 0.9561                 | 0.003027     | 791.0  | -230179.300747 |
| SANDUSDT      | 0.0007256     | 0.001204    | 0.0575       | 53.83         | 0.01694      | 0.01983     | 0.04926        | 0.9514                 | 0.002759     | 791.0  | -230179.300726 |
| KLAYUSDT      | 0.0007148     | 0.0007719   | 0.06473      | 69.17         | 0.01203      | 0.0115      | 0.05133        | 0.987                  | 0.0009142    | 626.85 | -230179.300715 |
| DOTUSDT       | 0.000708      | 0.001164    | 0.06715      | 80.05         | 0.01332      | 0.01399     | 0.03696        | 0.9765                 | 0.00169      | 791.0  | -230179.300708 |
| UNFIUSDT      | 0.0006959     | 0.001689    | 0.0604       | 37.37         | 0.01805      | 0.01998     | 0.0915         | 0.805                  | 0.006192     | 791.0  | -230179.300696 |
| ADAUSDT       | 0.0006863     | 0.001078    | 0.05565      | 75.97         | 0.01355      | 0.01297     | 0.09897        | 0.9687                 | 0.001581     | 791.0  | -230179.300686 |
| TRXUSDT       | 0.0006234     | 0.0006993   | 0.06806      | 65.77         | 0.01023      | 0.009729    | 0.03964        | 0.9845                 | 0.0009157    | 791.0  | -230179.300623 |
| XMRUSDT       | 0.0006095     | 0.0009186   | 0.06959      | 63.82         | 0.01192      | 0.01762     | 0.03444        | 0.9683                 | 0.002635     | 791.0  | -230179.30061  |
| LDOUSDT       | 0.0006076     | 0.0007787   | 0.04477      | 76.15         | 0.01697      | 0.0145      | 0.02023        | 0.9873                 | 0.0009067    | 281.5  | -230179.300608 |
| AUDIOUSDT     | 0.0005989     | 0.0008355   | 0.03909      | 90.03         | 0.01771      | 0.01815     | 0.03146        | 0.9647                 | 0.001383     | 680.85 | -230179.300599 |
| YFIUSDT       | 0.0005816     | 0.001476    | 0.07         | 74.33         | 0.01493      | 0.01702     | 0.09718        | 0.9325                 | 0.002229     | 791.0  | -230179.300582 |
| WOOUSDT       | 0.0005673     | 0.0007107   | 0.04082      | 72.0          | 0.01586      | 0.01387     | 0.03006        | 0.9828                 | 0.0009372    | 448.85 | -230179.300567 |
| ROSEUSDT      | 0.0008044     | 0.001118    | 0.0701       | 67.83         | 0.01342      | 0.01921     | 0.03543        | 0.9596                 | 0.003022     | 546.85 | -230179.299772 |
| ICPUSDT       | 0.0008906     | 0.001108    | 0.07584      | 45.65         | 0.01361      | 0.01923     | 0.09677        | 0.9675                 | 0.002775     | 276.89 | -230179.242507 |
| JOEUSDT       | 0.002265      | 0.001922    | 0.09379      | 50.25         | 0.01267      | 0.01497     | 0.02398        | 0.9806                 | 0.002136     | 93.49  | -230179.064357 |
| QNTUSDT       | 0.0008344     | 0.001344    | 0.09562      | 53.28         | 0.01315      | 0.0154      | 0.06369        | 0.9816                 | 0.002191     | 253.89 | -230179.044666 |
| UNIUSDT       | 0.0008366     | 0.001482    | 0.09855      | 94.37         | 0.01937      | 0.01824     | 0.09787        | 0.98                   | 0.001386     | 791.0  | -230179.015304 |
| CVXUSDT       | 0.0008957     | 0.001005    | 0.1111       | 47.57         | 0.01382      | 0.01506     | 0.07449        | 0.9778                 | 0.002065     | 281.49 | -230178.890039 |
| ARUSDT        | 0.000755      | 0.001141    | 0.06994      | 70.42         | 0.01911      | 0.02032     | 0.0826         | 0.9615                 | 0.002751     | 640.85 | -230176.091938 |
| BAKEUSDT      | 0.0008226     | 0.0011      | 0.07254      | 82.67         | 0.01762      | 0.02128     | 0.05663        | 0.958                  | 0.003065     | 772.71 | -230166.513241 |
| MANAUSDT      | 0.001152      | 0.001553    | 0.07981      | 39.23         | 0.01771      | 0.02138     | 0.09555        | 0.9748                 | 0.001315     | 791.0  | -230165.418442 |
| DOGEUSDT      | 0.001024      | 0.001868    | 0.09104      | 19.18         | 0.008345     | 0.02166     | 0.09656        | 0.9225                 | 0.00471      | 791.0  | -230162.47319  |
| ANTUSDT       | 0.0001883     | 0.0006652   | 0.0501       | 56.8          | 0.01733      | 0.02187     | 0.0999         | 0.9579                 | 0.003008     | 550.83 | -230160.592898 |
| GTCUSDT       | 0.0008708     | 0.001677    | 0.0865       | 94.67         | 0.022        | 0.02231     | 0.08972        | 0.9309                 | 0.003778     | 749.85 | -230154.048963 |
| MAGICUSDT     | 0.00108       | 0.001258    | 0.07291      | 82.95         | 0.02133      | 0.0224      | 0.06835        | 0.964                  | 0.003149     | 156.87 | -230153.950845 |
| ARPAUSDT      | 0.001694      | 0.001549    | 0.0525       | 77.2          | 0.01306      | 0.02254     | 0.04872        | 0.9524                 | 0.003508     | 619.85 | -230153.856268 |
| CFXUSDT       | 0.001179      | 0.00121     | 0.06088      | 44.92         | 0.02123      | 0.02265     | 0.07236        | 0.9811                 | 0.002161     | 130.39 | -230151.522027 |
| OPUSDT        | 0.0008445     | 0.001172    | 0.08374      | 54.12         | 0.02263      | 0.02325     | 0.07896        | 0.9756                 | 0.002476     | 394.41 | -230144.000989 |
| C98USDT       | 0.0008501     | 0.001073    | 0.09201      | 63.63         | 0.01995      | 0.02368     | 0.08483        | 0.9592                 | 0.003576     | 675.85 | -230142.312027 |
| STXUSDT       | 0.001122      | 0.001445    | 0.1028       | 44.33         | 0.02161      | 0.02502     | 0.05814        | 0.9647                 | 0.003651     | 129.39 | -230127.186399 |
| ZILUSDT       | 0.0009954     | 0.0009413   | 0.04822      | 75.95         | 0.02189      | 0.02976     | 0.08175        | 0.9837                 | 0.0009034    | 791.0  | -230079.855422 |
| WAVESUSDT     | 0.001351      | 0.001202    | 0.07611      | 68.48         | 0.02137      | 0.03033     | 0.09988        | 0.9654                 | 0.00222      | 791.0  | -230074.583538 |
| PEOPLEUSDT    | 0.00122       | 0.001708    | 0.06026      | 76.12         | 0.01601      | 0.03132     | 0.0399         | 0.8828                 | 0.005969     | 553.83 | -230066.132036 |
| BANDUSDT      | 0.00116       | 0.00185     | 0.09507      | 31.08         | 0.01969      | 0.03451     | 0.0959         | 0.8375                 | 0.009841     | 791.0  | -230033.989515 |
| LINAUSDT      | 0.001586      | 0.001598    | 0.08308      | 50.42         | 0.024        | 0.03436     | 0.09389        | 0.8562                 | 0.00822      | 791.0  | -230031.539658 |
| BALUSDT       | 0.001122      | 0.001777    | 0.1656       | 78.87         | 0.02534      | 0.04078     | 0.09721        | 0.924                  | 0.008206     | 791.0  | -229965.220053 |
| STGUSDT       | 0.0005838     | 0.001333    | 0.1063       | 110.1         | 0.01692      | 0.02606     | 0.1008         | 0.9602                 | 0.004165     | 309.5  | -228625.485856 |
| EGLDUSDT      | 0.0008964     | 0.001326    | 0.1038       | 78.07         | 0.01909      | 0.02316     | 0.1213         | 0.9423                 | 0.003057     | 791.0  | -228020.041327 |
| RNDRUSDT      | 0.001325      | 0.001493    | 0.08896      | 23.27         | 0.03235      | 0.02973     | 0.1291         | 0.9695                 | 0.002812     | 147.89 | -227157.482534 |
| SXPUSDT       | 0.001268      | 0.001214    | 0.1486       | 37.82         | 0.02714      | 0.02806     | 0.1521         | 0.9583                 | 0.004281     | 791.0  | -224878.44143  |
| MASKUSDT      | 0.001085      | 0.00122     | 0.06342      | 71.72         | 0.03201      | 0.04178     | 0.1632         | 0.9655                 | 0.002303     | 672.85 | -223626.909347 |
| KSMUSDT       | 0.001443      | 0.002828    | 0.2171       | 73.38         | 0.02501      | 0.0383      | 0.2104         | 0.9166                 | 0.007337     | 791.0  | -218953.934962 |
| AAVEUSDT      | 0.001021      | 0.002059    | 0.1717       | 91.58         | 0.02498      | 0.02825     | 0.3222         | 0.9583                 | 0.003526     | 791.0  | -207872.259716 |
| APTUSDT       | 0.001041      | 0.0005435   | 0.1867       | 78.82         | 0.05135      | 0.08218     | 0.5077         | 0.8877                 | 0.01829      | 254.92 | -188753.572096 |
| AVAXUSDT      | 0.0009118     | 0.002639    | 0.2174       | 22.57         | 0.01668      | 0.02152     | 0.6237         | 0.9629                 | 0.003537     | 791.0  | -177791.745796 |
| AXSUSDT       | 0.003216      | 0.001764    | 0.2855       | 50.35         | 0.02706      | 0.03668     | 0.6902         | 0.9534                 | 0.004679     | 791.0  | -170986.065677 |
| GALAUSDT      | -0.0006931    | 0.0002292   | 0.2264       | 75.9          | 0.1048       | 0.1673      | 0.8146         | 0.7391                 | 0.04698      | 650.85 | 62627.211153   |
| GMTUSDT       | 0.0007636     | -0.0003109  | 0.1618       | 89.47         | 0.08999      | 0.1609      | 1.268          | 0.691                  | 0.05167      | 472.83 | 154810.717399  |
+---------------+---------------+-------------+--------------+---------------+--------------+-------------+----------------+------------------------+--------------+--------+----------------+

