+-----------------------------------------------------------------------------------------------------------------------------------------------------------------------------------------+
|                                                                                           long                                                                                          |
+-----------+---------------+-------------+--------------+---------------+--------------+-------------+----------------+------------------------+--------------+---------+----------------+
| symbol    | adg_w_per_exp | adg_per_exp | exp_rts_mean | hrs_stuck_max | pa_dist_mean | pa_dist_std | loss_profit_rt | eqbal_rt_10_worst_mean | eqbal_rt_std | n_days  | score          |
+-----------+---------------+-------------+--------------+---------------+--------------+-------------+----------------+------------------------+--------------+---------+----------------+
| GRTUSDT   | 0.001878      | 0.002961    | 0.07186      | 49.23         | 0.01154      | 0.01939     | 0.04341        | 0.891                  | 0.005355     | 903.71  | -240179.251878 |
| DOGEUSDT  | 0.001605      | 0.003115    | 0.07317      | 22.8          | 0.01144      | 0.0143      | 0.04777        | 0.9043                 | 0.004174     | 1065.62 | -240179.251605 |
| SUSHIUSDT | 0.001595      | 0.00284     | 0.0612       | 61.57         | 0.0119       | 0.0151      | 0.006528       | 0.9338                 | 0.003717     | 1009.71 | -240179.251595 |
| COTIUSDT  | 0.001551      | 0.002597    | 0.07344      | 34.5          | 0.0113       | 0.01652     | 0.05687        | 0.9056                 | 0.004551     | 822.71  | -240179.251551 |
| CHZUSDT   | 0.001521      | 0.002205    | 0.05751      | 54.9          | 0.009674     | 0.01192     | 0.006038       | 0.9388                 | 0.002972     | 870.71  | -240179.251521 |
| THETAUSDT | 0.00144       | 0.00196     | 0.0733       | 37.33         | 0.009149     | 0.01808     | 0.02644        | 0.893                  | 0.005276     | 1109.66 | -240179.25144  |
| ATOMUSDT  | 0.001365      | 0.001815    | 0.07498      | 48.3          | 0.009038     | 0.01899     | 0.02959        | 0.8601                 | 0.004598     | 1219.49 | -240179.251365 |
| CELRUSDT  | 0.001323      | 0.002173    | 0.0699       | 16.63         | 0.01344      | 0.01478     | 0.09156        | 0.9167                 | 0.004007     | 803.71  | -240179.251323 |
| SNXUSDT   | 0.001303      | 0.002008    | 0.06788      | 64.22         | 0.01472      | 0.01695     | 0.03522        | 0.9383                 | 0.004456     | 1030.7  | -240179.251303 |
| HBARUSDT  | 0.001277      | 0.00173     | 0.0688       | 52.1          | 0.0109       | 0.0118      | 0.01438        | 0.9376                 | 0.002991     | 815.71  | -240179.251277 |
| DOTUSDT   | 0.001232      | 0.00208     | 0.0745       | 92.52         | 0.009815     | 0.01544     | 0.01042        | 0.92                   | 0.004031     | 1022.71 | -240179.251232 |
| FTMUSDT   | 0.001228      | 0.002054    | 0.07454      | 59.73         | 0.01505      | 0.02        | 0.02932        | 0.9159                 | 0.005969     | 989.71  | -240179.251228 |
| ANKRUSDT  | 0.001219      | 0.001763    | 0.06387      | 62.07         | 0.01091      | 0.01424     | 0.03191        | 0.9358                 | 0.003899     | 865.71  | -240179.251219 |
| LINKUSDT  | 0.001198      | 0.001902    | 0.06716      | 46.63         | 0.01136      | 0.0187      | 0.02731        | 0.9189                 | 0.00511      | 1240.66 | -240179.251198 |
| CRVUSDT   | 0.001191      | 0.001306    | 0.06116      | 47.57         | 0.01986      | 0.01933     | 0.04561        | 0.936                  | 0.003514     | 1012.71 | -240179.251191 |
| SKLUSDT   | 0.001163      | 0.001733    | 0.07298      | 47.0          | 0.01543      | 0.01606     | 0.03405        | 0.9357                 | 0.003986     | 914.68  | -240179.251163 |
| DENTUSDT  | 0.001154      | 0.001964    | 0.07442      | 62.55         | 0.01124      | 0.01881     | 0.04781        | 0.9044                 | 0.004545     | 808.83  | -240179.251154 |
| AAVEUSDT  | 0.001113      | 0.002168    | 0.06784      | 36.1          | 0.01452      | 0.01517     | 0.04636        | 0.9236                 | 0.003219     | 967.71  | -240179.251113 |
| 1INCHUSDT | 0.001108      | 0.00208     | 0.07219      | 47.15         | 0.01291      | 0.01547     | 0.03289        | 0.9182                 | 0.00411      | 897.58  | -240179.251108 |
| MATICUSDT | 0.001099      | 0.002523    | 0.05644      | 47.57         | 0.01099      | 0.01816     | 0.01772        | 0.9099                 | 0.004509     | 961.71  | -240179.251099 |
| VETUSDT   | 0.00108       | 0.001048    | 0.0665       | 68.18         | 0.01856      | 0.0177      | 0.06481        | 0.9257                 | 0.003666     | 1212.66 | -240179.25108  |
| MANAUSDT  | 0.001077      | 0.001976    | 0.06601      | 51.85         | 0.01099      | 0.01707     | 0.07326        | 0.9223                 | 0.004713     | 817.71  | -240179.251077 |
| ZILUSDT   | 0.001073      | 0.001852    | 0.053        | 50.4          | 0.008998     | 0.01883     | 0.01282        | 0.94                   | 0.004962     | 1087.62 | -240179.251073 |
| CHRUSDT   | 0.001001      | 0.001685    | 0.07482      | 61.4          | 0.01503      | 0.01654     | 0.02068        | 0.9326                 | 0.004769     | 820.71  | -240179.251001 |
| UNIUSDT   | 0.0009551     | 0.001236    | 0.07435      | 54.5          | 0.01848      | 0.01967     | 0.04           | 0.9231                 | 0.004256     | 995.71  | -240179.250955 |
| ONEUSDT   | 0.000937      | 0.001557    | 0.05207      | 33.85         | 0.01387      | 0.01626     | 0.07902        | 0.9258                 | 0.00424      | 814.71  | -240179.250937 |
| ETCUSDT   | 0.0008993     | 0.001359    | 0.07052      | 84.17         | 0.01285      | 0.01655     | 0.02478        | 0.9387                 | 0.004389     | 1241.66 | -240179.250899 |
| SANDUSDT  | 0.0008326     | 0.001437    | 0.06643      | 69.13         | 0.0165       | 0.01971     | 0.05822        | 0.9162                 | 0.005366     | 866.71  | -240179.250833 |
| SXPUSDT   | 0.0008318     | 0.001392    | 0.06111      | 55.2          | 0.01254      | 0.01659     | 0.09359        | 0.9321                 | 0.004654     | 1054.62 | -240179.250832 |
| STORJUSDT | 0.000829      | 0.001346    | 0.03877      | 54.47         | 0.01106      | 0.01882     | 0.01586        | 0.9189                 | 0.004216     | 997.7   | -240179.250829 |
| ENJUSDT   | 0.0007887     | 0.001156    | 0.07239      | 46.25         | 0.01776      | 0.01904     | 0.04122        | 0.9136                 | 0.004647     | 984.71  | -240179.250789 |
| XTZUSDT   | 0.0007056     | 0.0008539   | 0.0661       | 66.78         | 0.01646      | 0.01977     | 0.03748        | 0.8837                 | 0.004468     | 1220.66 | -240179.250706 |
| XEMUSDT   | 0.0006555     | 0.001095    | 0.04075      | 64.18         | 0.01541      | 0.01386     | 0.07121        | 0.9263                 | 0.002528     | 829.71  | -240179.250656 |
| ADAUSDT   | 0.0006219     | 0.0007937   | 0.06639      | 51.07         | 0.01345      | 0.01732     | 0.04205        | 0.9394                 | 0.005073     | 1226.66 | -240179.250622 |
| SOLUSDT   | 0.001189      | 0.002175    | 0.08384      | 63.57         | 0.02133      | 0.01965     | 0.09446        | 0.946                  | 0.002998     | 999.71  | -240177.830326 |
| AXSUSDT   | 0.001212      | 0.002408    | 0.1658       | 62.68         | 0.0279       | 0.04174     | 0.1641         | 0.8926                 | 0.01203      | 932.7   | -233541.943783 |
+-----------+---------------+-------------+--------------+---------------+--------------+-------------+----------------+------------------------+--------------+---------+----------------+

+------------------------------------------------------------------------------------------------------------------------------------------------------------------------------------+
|                                                                                       short                                                                                        |
+-----------+---------------+-------------+--------------+---------------+--------------+-------------+----------------+------------------------+--------------+---------+-----------+
| symbol    | adg_w_per_exp | adg_per_exp | exp_rts_mean | hrs_stuck_max | pa_dist_mean | pa_dist_std | loss_profit_rt | eqbal_rt_10_worst_mean | eqbal_rt_std | n_days  | score     |
+-----------+---------------+-------------+--------------+---------------+--------------+-------------+----------------+------------------------+--------------+---------+-----------+
| SUSHIUSDT | 0.0           | 0.0         | 0.0          | nan           | 100.0        | 1.0         | 1.0            | 1.0                    | 0.0          | 1009.71 | -30399.25 |
| 1INCHUSDT | 0.0           | 0.0         | 0.0          | nan           | 100.0        | 1.0         | 1.0            | 1.0                    | 0.0          | 897.58  | -30399.25 |
| AXSUSDT   | 0.0           | 0.0         | 0.0          | nan           | 100.0        | 1.0         | 1.0            | 1.0                    | 0.0          | 932.7   | -30399.25 |
| CHRUSDT   | 0.0           | 0.0         | 0.0          | nan           | 100.0        | 1.0         | 1.0            | 1.0                    | 0.0          | 820.71  | -30399.25 |
| ATOMUSDT  | 0.0           | 0.0         | 0.0          | nan           | 100.0        | 1.0         | 1.0            | 1.0                    | 0.0          | 1219.49 | -30399.25 |
| CELRUSDT  | 0.0           | 0.0         | 0.0          | nan           | 100.0        | 1.0         | 1.0            | 1.0                    | 0.0          | 803.71  | -30399.25 |
| MATICUSDT | 0.0           | 0.0         | 0.0          | nan           | 100.0        | 1.0         | 1.0            | 1.0                    | 0.0          | 961.71  | -30399.25 |
| SKLUSDT   | 0.0           | 0.0         | 0.0          | nan           | 100.0        | 1.0         | 1.0            | 1.0                    | 0.0          | 914.68  | -30399.25 |
| SXPUSDT   | 0.0           | 0.0         | 0.0          | nan           | 100.0        | 1.0         | 1.0            | 1.0                    | 0.0          | 1054.62 | -30399.25 |
| HBARUSDT  | 0.0           | 0.0         | 0.0          | nan           | 100.0        | 1.0         | 1.0            | 1.0                    | 0.0          | 815.71  | -30399.25 |
| ANKRUSDT  | 0.0           | 0.0         | 0.0          | nan           | 100.0        | 1.0         | 1.0            | 1.0                    | 0.0          | 865.71  | -30399.25 |
| SNXUSDT   | 0.0           | 0.0         | 0.0          | nan           | 100.0        | 1.0         | 1.0            | 1.0                    | 0.0          | 1030.7  | -30399.25 |
| MANAUSDT  | 0.0           | 0.0         | 0.0          | nan           | 100.0        | 1.0         | 1.0            | 1.0                    | 0.0          | 817.71  | -30399.25 |
| XTZUSDT   | 0.0           | 0.0         | 0.0          | nan           | 100.0        | 1.0         | 1.0            | 1.0                    | 0.0          | 1220.66 | -30399.25 |
| GRTUSDT   | 0.0           | 0.0         | 0.0          | nan           | 100.0        | 1.0         | 1.0            | 1.0                    | 0.0          | 903.71  | -30399.25 |
| UNIUSDT   | 0.0           | 0.0         | 0.0          | nan           | 100.0        | 1.0         | 1.0            | 1.0                    | 0.0          | 995.71  | -30399.25 |
| ADAUSDT   | 0.0           | 0.0         | 0.0          | nan           | 100.0        | 1.0         | 1.0            | 1.0                    | 0.0          | 1226.66 | -30399.25 |
| XEMUSDT   | 0.0           | 0.0         | 0.0          | nan           | 100.0        | 1.0         | 1.0            | 1.0                    | 0.0          | 829.71  | -30399.25 |
| ETCUSDT   | 0.0           | 0.0         | 0.0          | nan           | 100.0        | 1.0         | 1.0            | 1.0                    | 0.0          | 1241.66 | -30399.25 |
| CHZUSDT   | 0.0           | 0.0         | 0.0          | nan           | 100.0        | 1.0         | 1.0            | 1.0                    | 0.0          | 870.71  | -30399.25 |
| SOLUSDT   | 0.0           | 0.0         | 0.0          | nan           | 100.0        | 1.0         | 1.0            | 1.0                    | 0.0          | 999.71  | -30399.25 |
| DENTUSDT  | 0.0           | 0.0         | 0.0          | nan           | 100.0        | 1.0         | 1.0            | 1.0                    | 0.0          | 808.83  | -30399.25 |
| FTMUSDT   | 0.0           | 0.0         | 0.0          | nan           | 100.0        | 1.0         | 1.0            | 1.0                    | 0.0          | 989.71  | -30399.25 |
| COTIUSDT  | 0.0           | 0.0         | 0.0          | nan           | 100.0        | 1.0         | 1.0            | 1.0                    | 0.0          | 822.71  | -30399.25 |
| LINKUSDT  | 0.0           | 0.0         | 0.0          | nan           | 100.0        | 1.0         | 1.0            | 1.0                    | 0.0          | 1240.66 | -30399.25 |
| ENJUSDT   | 0.0           | 0.0         | 0.0          | nan           | 100.0        | 1.0         | 1.0            | 1.0                    | 0.0          | 984.71  | -30399.25 |
| STORJUSDT | 0.0           | 0.0         | 0.0          | nan           | 100.0        | 1.0         | 1.0            | 1.0                    | 0.0          | 997.7   | -30399.25 |
| THETAUSDT | 0.0           | 0.0         | 0.0          | nan           | 100.0        | 1.0         | 1.0            | 1.0                    | 0.0          | 1109.66 | -30399.25 |
| DOTUSDT   | 0.0           | 0.0         | 0.0          | nan           | 100.0        | 1.0         | 1.0            | 1.0                    | 0.0          | 1022.71 | -30399.25 |
| DOGEUSDT  | 0.0           | 0.0         | 0.0          | nan           | 100.0        | 1.0         | 1.0            | 1.0                    | 0.0          | 1065.62 | -30399.25 |
| ONEUSDT   | 0.0           | 0.0         | 0.0          | nan           | 100.0        | 1.0         | 1.0            | 1.0                    | 0.0          | 814.71  | -30399.25 |
| CRVUSDT   | 0.0           | 0.0         | 0.0          | nan           | 100.0        | 1.0         | 1.0            | 1.0                    | 0.0          | 1012.71 | -30399.25 |
| AAVEUSDT  | 0.0           | 0.0         | 0.0          | nan           | 100.0        | 1.0         | 1.0            | 1.0                    | 0.0          | 967.71  | -30399.25 |
| VETUSDT   | 0.0           | 0.0         | 0.0          | nan           | 100.0        | 1.0         | 1.0            | 1.0                    | 0.0          | 1212.66 | -30399.25 |
| SANDUSDT  | 0.0           | 0.0         | 0.0          | nan           | 100.0        | 1.0         | 1.0            | 1.0                    | 0.0          | 866.71  | -30399.25 |
| ZILUSDT   | 0.0           | 0.0         | 0.0          | nan           | 100.0        | 1.0         | 1.0            | 1.0                    | 0.0          | 1087.62 | -30399.25 |
+-----------+---------------+-------------+--------------+---------------+--------------+-------------+----------------+------------------------+--------------+---------+-----------+

