+-----------------------------------------------------------------------------------------------------------------------------------------------------------------------------------------+
|                                                                                           long                                                                                          |
+-----------+---------------+-------------+--------------+---------------+--------------+-------------+----------------+------------------------+--------------+---------+----------------+
| symbol    | adg_w_per_exp | adg_per_exp | exp_rts_mean | hrs_stuck_max | pa_dist_mean | pa_dist_std | loss_profit_rt | eqbal_rt_10_worst_mean | eqbal_rt_std | n_days  | score          |
+-----------+---------------+-------------+--------------+---------------+--------------+-------------+----------------+------------------------+--------------+---------+----------------+
| DOGEUSDT  | 0.002332      | 0.004228    | 0.09369      | 83.82         | 0.007639     | 0.01361     | 0.1283         | 0.9551                 | 0.002139     | 1055.58 | -425179.002332 |
| HBARUSDT  | 0.002306      | 0.003874    | 0.08971      | 71.22         | 0.008321     | 0.01716     | 0.1266         | 0.9542                 | 0.002245     | 805.67  | -425179.002306 |
| MANAUSDT  | 0.002252      | 0.003624    | 0.09631      | 76.07         | 0.01191      | 0.01829     | 0.1256         | 0.9511                 | 0.002723     | 807.67  | -425179.002252 |
| MATICUSDT | 0.001808      | 0.004581    | 0.09909      | 91.62         | 0.0144       | 0.0161      | 0.08797        | 0.9573                 | 0.00262      | 951.67  | -425179.001808 |
| GRTUSDT   | 0.001688      | 0.002754    | 0.08931      | 63.85         | 0.01437      | 0.01884     | 0.09085        | 0.9483                 | 0.002791     | 893.67  | -425179.001688 |
| ATOMUSDT  | 0.001648      | 0.002826    | 0.098        | 79.03         | 0.01069      | 0.01998     | 0.1405         | 0.9265                 | 0.002737     | 1209.46 | -425179.001648 |
| CHZUSDT   | 0.001635      | 0.002417    | 0.0534       | 68.52         | 0.01058      | 0.01869     | 0.1321         | 0.9437                 | 0.002314     | 860.67  | -425179.001635 |
| COTIUSDT  | 0.001598      | 0.00269     | 0.09943      | 74.43         | 0.0153       | 0.01839     | 0.1371         | 0.9497                 | 0.002715     | 812.67  | -425179.001598 |
| SUSHIUSDT | 0.001579      | 0.003679    | 0.08666      | 90.35         | 0.01553      | 0.01964     | 0.08843        | 0.9493                 | 0.002596     | 999.67  | -425179.001579 |
| CELRUSDT  | 0.001367      | 0.002209    | 0.085        | 82.9          | 0.01724      | 0.01665     | 0.05887        | 0.9571                 | 0.002055     | 793.67  | -425179.001367 |
| SANDUSDT  | 0.001355      | 0.002788    | 0.08492      | 93.13         | 0.01826      | 0.01854     | 0.08326        | 0.9494                 | 0.002772     | 856.67  | -425179.001355 |
| THETAUSDT | 0.00129       | 0.002552    | 0.08857      | 88.92         | 0.01657      | 0.01503     | 0.05777        | 0.9687                 | 0.002271     | 1099.62 | -425179.00129  |
| LINKUSDT  | 0.00124       | 0.002519    | 0.09273      | 93.07         | 0.01338      | 0.01271     | 0.05808        | 0.9536                 | 0.0018       | 1230.62 | -425179.00124  |
| ANKRUSDT  | 0.001232      | 0.001972    | 0.05737      | 85.13         | 0.01165      | 0.01907     | 0.1433         | 0.9563                 | 0.002076     | 855.67  | -425179.001232 |
| SNXUSDT   | 0.001178      | 0.001842    | 0.08043      | 63.85         | 0.01517      | 0.01754     | 0.09803        | 0.9571                 | 0.002334     | 1020.67 | -425179.001178 |
| DOTUSDT   | 0.001109      | 0.002359    | 0.09643      | 91.95         | 0.01254      | 0.01978     | 0.1371         | 0.9492                 | 0.002715     | 1012.67 | -425179.001109 |
| VETUSDT   | 0.001096      | 0.002002    | 0.0726       | 68.85         | 0.01204      | 0.01791     | 0.1406         | 0.9244                 | 0.002528     | 1202.62 | -425179.001096 |
| SKLUSDT   | 0.001067      | 0.001712    | 0.05083      | 81.2          | 0.01422      | 0.01833     | 0.11           | 0.9361                 | 0.002304     | 904.67  | -425179.001067 |
| ENJUSDT   | 0.0009795     | 0.001806    | 0.06061      | 68.63         | 0.01338      | 0.01942     | 0.09946        | 0.947                  | 0.002261     | 974.67  | -425179.000979 |
| RSRUSDT   | 0.0009674     | 0.001333    | 0.0216       | 83.72         | 0.01483      | 0.01176     | 0.1384         | 0.9789                 | 0.0006014    | 954.67  | -425179.000967 |
| SXPUSDT   | 0.0009611     | 0.003207    | 0.05143      | 95.33         | 0.01605      | 0.01128     | 0.1097         | 0.9723                 | 0.000995     | 1044.58 | -425179.000961 |
| FTMUSDT   | 0.0009517     | 0.001923    | 0.05883      | 83.0          | 0.01703      | 0.01968     | 0.1375         | 0.9518                 | 0.002297     | 979.67  | -425179.000952 |
| ONEUSDT   | 0.0009436     | 0.001689    | 0.06432      | 81.7          | 0.01629      | 0.01757     | 0.1213         | 0.9515                 | 0.002002     | 804.67  | -425179.000944 |
| ZILUSDT   | 0.0008719     | 0.001688    | 0.04705      | 90.58         | 0.01381      | 0.017       | 0.1371         | 0.9625                 | 0.002067     | 1077.58 | -425179.000872 |
| UNIUSDT   | 0.0008401     | 0.002035    | 0.09326      | 94.67         | 0.01903      | 0.01961     | 0.1047         | 0.9556                 | 0.002356     | 985.67  | -425179.00084  |
| CHRUSDT   | 0.0008111     | 0.002049    | 0.06277      | 85.2          | 0.01611      | 0.01859     | 0.1005         | 0.9579                 | 0.00228      | 810.67  | -425179.000811 |
| ADAUSDT   | 0.0007114     | 0.001481    | 0.04633      | 92.22         | 0.009867     | 0.01848     | 0.127          | 0.9312                 | 0.002042     | 1216.62 | -425179.000711 |
| XTZUSDT   | 0.0006882     | 0.001826    | 0.04464      | 84.35         | 0.01347      | 0.01473     | 0.0873         | 0.958                  | 0.001595     | 1210.62 | -425179.000688 |
| AAVEUSDT  | 0.0004383     | 0.001532    | 0.1898       | 250.3         | 0.05201      | 0.05886     | 0.1457         | 0.9287                 | 0.007991     | 957.67  | -409329.120698 |
+-----------+---------------+-------------+--------------+---------------+--------------+-------------+----------------+------------------------+--------------+---------+----------------+

+-----------------------------------------------------------------------------------------------------------------------------------------------------------------------------------+
|                                                                                       short                                                                                       |
+-----------+---------------+-------------+--------------+---------------+--------------+-------------+----------------+------------------------+--------------+---------+----------+
| symbol    | adg_w_per_exp | adg_per_exp | exp_rts_mean | hrs_stuck_max | pa_dist_mean | pa_dist_std | loss_profit_rt | eqbal_rt_10_worst_mean | eqbal_rt_std | n_days  | score    |
+-----------+---------------+-------------+--------------+---------------+--------------+-------------+----------------+------------------------+--------------+---------+----------+
| SUSHIUSDT | 0.0           | 0.0         | 0.0          | nan           | 100.0        | 1.0         | 1.0            | 1.0                    | 0.0          | 999.67  | -30399.0 |
| CHRUSDT   | 0.0           | 0.0         | 0.0          | nan           | 100.0        | 1.0         | 1.0            | 1.0                    | 0.0          | 810.67  | -30399.0 |
| ATOMUSDT  | 0.0           | 0.0         | 0.0          | nan           | 100.0        | 1.0         | 1.0            | 1.0                    | 0.0          | 1209.46 | -30399.0 |
| CELRUSDT  | 0.0           | 0.0         | 0.0          | nan           | 100.0        | 1.0         | 1.0            | 1.0                    | 0.0          | 793.67  | -30399.0 |
| MATICUSDT | 0.0           | 0.0         | 0.0          | nan           | 100.0        | 1.0         | 1.0            | 1.0                    | 0.0          | 951.67  | -30399.0 |
| SKLUSDT   | 0.0           | 0.0         | 0.0          | nan           | 100.0        | 1.0         | 1.0            | 1.0                    | 0.0          | 904.67  | -30399.0 |
| SXPUSDT   | 0.0           | 0.0         | 0.0          | nan           | 100.0        | 1.0         | 1.0            | 1.0                    | 0.0          | 1044.58 | -30399.0 |
| HBARUSDT  | 0.0           | 0.0         | 0.0          | nan           | 100.0        | 1.0         | 1.0            | 1.0                    | 0.0          | 805.67  | -30399.0 |
| ANKRUSDT  | 0.0           | 0.0         | 0.0          | nan           | 100.0        | 1.0         | 1.0            | 1.0                    | 0.0          | 855.67  | -30399.0 |
| RSRUSDT   | 0.0           | 0.0         | 0.0          | nan           | 100.0        | 1.0         | 1.0            | 1.0                    | 0.0          | 954.67  | -30399.0 |
| SNXUSDT   | 0.0           | 0.0         | 0.0          | nan           | 100.0        | 1.0         | 1.0            | 1.0                    | 0.0          | 1020.67 | -30399.0 |
| MANAUSDT  | 0.0           | 0.0         | 0.0          | nan           | 100.0        | 1.0         | 1.0            | 1.0                    | 0.0          | 807.67  | -30399.0 |
| XTZUSDT   | 0.0           | 0.0         | 0.0          | nan           | 100.0        | 1.0         | 1.0            | 1.0                    | 0.0          | 1210.62 | -30399.0 |
| GRTUSDT   | 0.0           | 0.0         | 0.0          | nan           | 100.0        | 1.0         | 1.0            | 1.0                    | 0.0          | 893.67  | -30399.0 |
| UNIUSDT   | 0.0           | 0.0         | 0.0          | nan           | 100.0        | 1.0         | 1.0            | 1.0                    | 0.0          | 985.67  | -30399.0 |
| ADAUSDT   | 0.0           | 0.0         | 0.0          | nan           | 100.0        | 1.0         | 1.0            | 1.0                    | 0.0          | 1216.62 | -30399.0 |
| CHZUSDT   | 0.0           | 0.0         | 0.0          | nan           | 100.0        | 1.0         | 1.0            | 1.0                    | 0.0          | 860.67  | -30399.0 |
| FTMUSDT   | 0.0           | 0.0         | 0.0          | nan           | 100.0        | 1.0         | 1.0            | 1.0                    | 0.0          | 979.67  | -30399.0 |
| COTIUSDT  | 0.0           | 0.0         | 0.0          | nan           | 100.0        | 1.0         | 1.0            | 1.0                    | 0.0          | 812.67  | -30399.0 |
| LINKUSDT  | 0.0           | 0.0         | 0.0          | nan           | 100.0        | 1.0         | 1.0            | 1.0                    | 0.0          | 1230.62 | -30399.0 |
| ENJUSDT   | 0.0           | 0.0         | 0.0          | nan           | 100.0        | 1.0         | 1.0            | 1.0                    | 0.0          | 974.67  | -30399.0 |
| THETAUSDT | 0.0           | 0.0         | 0.0          | nan           | 100.0        | 1.0         | 1.0            | 1.0                    | 0.0          | 1099.62 | -30399.0 |
| DOTUSDT   | 0.0           | 0.0         | 0.0          | nan           | 100.0        | 1.0         | 1.0            | 1.0                    | 0.0          | 1012.67 | -30399.0 |
| DOGEUSDT  | 0.0           | 0.0         | 0.0          | nan           | 100.0        | 1.0         | 1.0            | 1.0                    | 0.0          | 1055.58 | -30399.0 |
| ONEUSDT   | 0.0           | 0.0         | 0.0          | nan           | 100.0        | 1.0         | 1.0            | 1.0                    | 0.0          | 804.67  | -30399.0 |
| AAVEUSDT  | 0.0           | 0.0         | 0.0          | nan           | 100.0        | 1.0         | 1.0            | 1.0                    | 0.0          | 957.67  | -30399.0 |
| VETUSDT   | 0.0           | 0.0         | 0.0          | nan           | 100.0        | 1.0         | 1.0            | 1.0                    | 0.0          | 1202.62 | -30399.0 |
| SANDUSDT  | 0.0           | 0.0         | 0.0          | nan           | 100.0        | 1.0         | 1.0            | 1.0                    | 0.0          | 856.67  | -30399.0 |
| ZILUSDT   | 0.0           | 0.0         | 0.0          | nan           | 100.0        | 1.0         | 1.0            | 1.0                    | 0.0          | 1077.58 | -30399.0 |
+-----------+---------------+-------------+--------------+---------------+--------------+-------------+----------------+------------------------+--------------+---------+----------+

