+-----------------------------------------------------------------------------------------------------------------------------------------------------------------------------+
|                                                               long (config no. 45093, score -42518.0018160767)                                                              |
+--------------+---------------+-------------+---------------+--------------+-------------+----------------+------------------------+--------------+---------+----------------+
| symbol       | adg_w_per_exp | adg_per_exp | hrs_stuck_max | pa_dist_mean | pa_dist_std | loss_profit_rt | eqbal_rt_10_worst_mean | eqbal_rt_std | n_days  | score          |
+--------------+---------------+-------------+---------------+--------------+-------------+----------------+------------------------+--------------+---------+----------------+
| FTMUSDT      | 0.00147       | 0.00165     | 75.02         | 0.02869      | 0.08593     | 0.5459         | 0.8186                 | 0.01376      | 968.67  | -38492.3350896 |
| ZILUSDT      | 0.0002311     | 0.001555    | 117.2         | 0.01903      | 0.04028     | 0.4606         | 0.884                  | 0.008837     | 1066.58 | -39179.2615234 |
| ARUSDT       | 0.001056      | 0.001323    | 93.05         | 0.01791      | 0.03521     | 0.4642         | 0.8828                 | 0.007673     | 599.83  | -39360.7348113 |
| UNIUSDT      | 0.0009283     | 0.002053    | 90.42         | 0.014        | 0.02964     | 0.2258         | 0.8866                 | 0.006006     | 974.67  | -41750.4551913 |
| -> MATICUSDT | 0.00126       | 0.00396     | 56.77         | 0.0129       | 0.01801     | 0.1267         | 0.9299                 | 0.004171     | 940.67  | -42518.0012597 |
| -> APEUSDT   | 0.001267      | 0.002334    | 92.5          | 0.01155      | 0.01592     | 0.09629        | 0.9483                 | 0.003724     | 429.33  | -42518.0012668 |
| -> OPUSDT    | 0.002252      | 0.003207    | 48.15         | 0.01142      | 0.01198     | 0.06901        | 0.9681                 | 0.002754     | 353.38  | -42518.0022515 |
| -> FETUSDT   | 0.002486      | 0.003142    | 40.68         | 0.01024      | 0.007595    | 0.006198       | 0.9904                 | 0.0008676    | 123.88  | -42518.0024863 |
| mean         | 0.001816      | 0.003161    | 59.52         | 0.01153      | 0.01338     | 0.07456        | 0.9592                 | 0.002879     | 682.12  | -42518.0018161 |
+--------------+---------------+-------------+---------------+--------------+-------------+----------------+------------------------+--------------+---------+----------------+

+---------------------------------------------------------------------------------------------------------------------------------------------------------------------------+
|                                                             short (config no. 40066, score -22518.0004767559)                                                             |
+------------+---------------+-------------+---------------+--------------+-------------+----------------+------------------------+--------------+---------+----------------+
| symbol     | adg_w_per_exp | adg_per_exp | hrs_stuck_max | pa_dist_mean | pa_dist_std | loss_profit_rt | eqbal_rt_10_worst_mean | eqbal_rt_std | n_days  | score          |
+------------+---------------+-------------+---------------+--------------+-------------+----------------+------------------------+--------------+---------+----------------+
| FTMUSDT    | 0.0002895     | -0.002366   | 130.9         | 0.03743      | 0.08419     | 2.893          | 0.7339                 | 0.01175      | 968.67  | 5330.20395645  |
| MATICUSDT  | 4.759e-05     | -0.0006846  | 241.4         | 0.03288      | 0.05045     | 1.617          | 0.9338                 | 0.004892     | 940.67  | -6364.53061497 |
| ZILUSDT    | -0.0008612    | -0.0006329  | 145.1         | 0.02474      | 0.05245     | 1.687          | 0.8638                 | 0.006263     | 1066.58 | -6619.0310865  |
| UNIUSDT    | 0.0003437     | 0.0006175   | 129.8         | 0.01869      | 0.02024     | 0.2883         | 0.9698                 | 0.001438     | 974.67  | -20796.2149153 |
| -> APEUSDT | 0.0003379     | 0.0009304   | 86.0          | 0.01413      | 0.01216     | 0.0            | 0.9956                 | 0.0002182    | 429.33  | -22518.0003379 |
| -> FETUSDT | 0.0004907     | 0.001143    | 55.3          | 0.01268      | 0.01103     | 0.0            | 0.9985                 | 0.0001106    | 123.88  | -22518.0004907 |
| -> ARUSDT  | 0.0005051     | 0.001266    | 89.1          | 0.0178       | 0.01802     | 0.0851         | 0.9843                 | 0.001046     | 599.83  | -22518.0005051 |
| -> OPUSDT  | 0.0005733     | 0.001123    | 79.22         | 0.01645      | 0.01743     | 0.1069         | 0.9854                 | 0.0009216    | 353.38  | -22518.0005733 |
| mean       | 0.0004768     | 0.001116    | 77.4          | 0.01526      | 0.01466     | 0.048          | 0.991                  | 0.0005741    | 682.12  | -22518.0004768 |
+------------+---------------+-------------+---------------+--------------+-------------+----------------+------------------------+--------------+---------+----------------+

